0 R 1 0 0
0 R 2 0 0
0 R 3 0 0
0 R 4 0 0
0 R 5 0 0
0 R 6 0 0
0 R 7 0 0
0 R 8 0 0
0 R 9 0 0
0 R 10 0 0
0 R 11 0 0
0 R 12 0 0
0 R 13 0 0
0 R 14 0 0
0 R 15 0 0
0 R 16 0 0
0 R 17 0 0
0 R 18 0 0
0 R 19 0 0
0 R 20 0 0
0 R 21 0 0
0 R 22 0 0
0 R 23 0 0
0 R 24 0 0
0 R 25 0 0
0 Q 0
0 V 1 0 -6
0 V 2 0 -6
0 V 3 0 -6
0 V 4 0 -6
0 V 5 0 -6
0 V 6 0 -6
0 V 7 0 -6
0 V 8 0 -6
0 V 9 0 -6
0 V 10 0 -6
0 V 11 0 -6
0 V 12 0 -6
0 V 13 0 -6
0 V 14 0 -6
0 V 15 0 -6
0 V 16 0 -6
0 V 17 0 -6
0 V 18 0 -6
0 V 19 0 -6
0 V 20 0 -6
0 V 21 0 -6
0 V 22 0 -6
0 V 23 0 -6
0 V 24 0 -6
0 V 25 0 -6
1 Q 0
1 V 1 0 -6
1 V 2 0 -6
1 V 3 0 -6
1 V 4 0 -6
1 V 5 0 -6
1 V 6 0 -6
1 V 7 0 -6
1 V 8 0 -6
1 V 9 0 -6
1 V 10 0 -6
1 V 11 0 -6
1 V 12 0 -6
1 V 13 0 -6
1 V 14 0 -6
1 V 15 0 -6
1 V 16 0 -6
1 V 17 0 -6
1 V 18 0 -6
1 V 19 0 -6
1 V 20 0 -6
1 V 21 0 -6
1 V 22 0 -6
1 V 23 0 -6
1 V 24 0 -6
1 V 25 0 -6
2 Q 1
2 V 1 0 -6
2 V 2 0 -6
2 V 3 0 -6
2 V 4 0 -6
2 V 5 0 -6
2 V 6 0 -6
2 V 7 0 -6
2 V 8 0 -6
2 V 9 0 -6
2 V 10 0 -6
2 V 11 0 -6
2 V 12 0 -6
2 V 13 0 -6
2 V 14 0 -6
2 V 15 0 -6
2 V 16 0 -6
2 V 17 0 -6
2 V 18 0 -6
2 V 19 0 -6
2 V 20 0 -6
2 V 21 0 -6
2 V 22 0 -6
2 V 23 0 -6
2 V 24 0 -6
2 V 25 0 -6
3 Q 2
3 V 1 0 -6
3 V 2 0 -6
3 V 3 0 -6
3 V 4 0 -6
3 V 5 0 -6
3 V 6 0 -6
3 V 7 0 -6
3 V 8 0 -6
3 V 9 0 -6
3 V 10 0 -6
3 V 11 0 -6
3 V 12 0 -6
3 V 13 0 -6
3 V 14 0 -6
3 V 15 0 -6
3 V 16 0 -6
3 V 17 0 -6
3 V 18 0 -6
3 V 19 0 -6
3 V 20 0 -6
3 V 21 0 -6
3 V 22 0 -6
3 V 23 0 -6
3 V 24 0 -6
3 V 25 0 -6
4 Q 2
4 V 1 0 -6
4 V 2 0 -6
4 V 3 0 -6
4 V 4 0 -6
4 V 5 0 -6
4 V 6 0 -6
4 V 7 0 -6
4 V 8 0 -6
4 V 9 0 -6
4 V 10 0 -6
4 V 11 0 -6
4 V 12 0 -6
4 V 13 0 -6
4 V 14 0 -6
4 V 15 0 -6
4 V 16 0 -6
4 V 17 0 -6
4 V 18 0 -6
4 V 19 0 -6
4 V 20 0 -6
4 V 21 0 -6
4 V 22 0 -6
4 V 23 0 -6
4 V 24 0 -6
4 V 25 0 -6
5 Q 2
5 V 1 0 -6
5 V 2 0 -6
5 V 3 0 -6
5 V 4 0 -6
5 V 5 0 -6
5 V 6 0 -6
5 V 7 0 -6
5 V 8 0 -6
5 V 9 0 -6
5 V 10 0 -6
5 V 11 0 -6
5 V 12 0 -6
5 V 13 0 -6
5 V 14 0 -6
5 V 15 0 -6
5 V 16 0 -6
5 V 17 0 -6
5 V 18 0 -6
5 V 19 0 -6
5 V 20 0 -6
5 V 21 0 -6
5 V 22 0 -6
5 V 23 0 -6
5 V 24 0 -6
5 V 25 0 -6
6 Q 2
6 V 1 0 -6
6 V 2 0 -6
6 V 3 0 -6
6 V 4 0 -6
6 V 5 0 -6
6 V 6 0 -6
6 V 7 0 -6
6 V 8 0 -6
6 V 9 0 -6
6 V 10 0 -6
6 V 11 0 -6
6 V 12 0 -6
6 V 13 0 -6
6 V 14 0 -6
6 V 15 0 -6
6 V 16 0 -6
6 V 17 0 -6
6 V 18 0 -6
6 V 19 0 -6
6 V 20 0 -6
6 V 21 0 -6
6 V 22 0 -6
6 V 23 0 -6
6 V 24 0 -6
6 V 25 0 -6
7 Q 2
7 V 1 0 -6
7 V 2 0 -6
7 V 3 0 -6
7 V 4 0 -6
7 V 5 0 -6
7 V 6 0 -6
7 V 7 0 -6
7 V 8 0 -6
7 V 9 0 -6
7 V 10 0 -6
7 V 11 0 -6
7 V 12 0 -6
7 V 13 0 -6
7 V 14 0 -6
7 V 15 0 -6
7 V 16 0 -6
7 V 17 0 -6
7 V 18 0 -6
7 V 19 0 -6
7 V 20 0 -6
7 V 21 0 -6
7 V 22 0 -6
7 V 23 0 -6
7 V 24 0 -6
7 V 25 0 -6
8 Q 2
8 V 1 0 -6
8 V 2 0 -6
8 V 3 0 -6
8 V 4 0 -6
8 V 5 0 -6
8 V 6 0 -6
8 V 7 0 -6
8 V 8 0 -6
8 V 9 0 -6
8 V 10 0 -6
8 V 11 0 -6
8 V 12 0 -6
8 V 13 0 -6
8 V 14 0 -6
8 V 15 0 -6
8 V 16 0 -6
8 V 17 0 -6
8 V 18 0 -6
8 V 19 0 -6
8 V 20 0 -6
8 V 21 0 -6
8 V 22 0 -6
8 V 23 0 -6
8 V 24 0 -6
8 V 25 0 -6
9 Q 3
9 V 1 0 -6
9 V 2 0 -6
9 V 3 0 -6
9 V 4 0 -6
9 V 5 0 -6
9 V 6 0 -6
9 V 7 0 -6
9 V 8 0 -6
9 V 9 0 -6
9 V 10 0 -6
9 V 11 0 -6
9 V 12 0 -6
9 V 13 0 -6
9 V 14 0 -6
9 V 15 0 -6
9 V 16 0 -6
9 V 17 0 -6
9 V 18 0 -6
9 V 19 0 -6
9 V 20 0 -6
9 V 21 0 -6
9 V 22 0 -6
9 V 23 0 -6
9 V 24 0 -6
9 V 25 0 -6
10 Q 4
10 V 1 0 -6
10 V 2 0 -6
10 V 3 0 -6
10 V 4 0 -6
10 V 5 0 -6
10 V 6 0 -6
10 V 7 0 -6
10 V 8 0 -6
10 V 9 0 -6
10 V 10 0 -6
10 V 11 0 -6
10 V 12 0 -6
10 V 13 0 -6
10 V 14 0 -6
10 V 15 0 -6
10 V 16 0 -6
10 V 17 0 -6
10 V 18 0 -6
10 V 19 0 -6
10 V 20 0 -6
10 V 21 0 -6
10 V 22 0 -6
10 V 23 0 -6
10 V 24 0 -6
10 V 25 0 -6
11 Q 4
11 V 1 0 -6
11 V 2 0 -6
11 V 3 0 -6
11 V 4 0 -6
11 V 5 0 -6
11 V 6 0 -6
11 V 7 0 -6
11 V 8 0 -6
11 V 9 0 -6
11 V 10 0 -6
11 V 11 0 -6
11 V 12 0 -6
11 V 13 0 -6
11 V 14 0 -6
11 V 15 0 -6
11 V 16 0 -6
11 V 17 0 -6
11 V 18 0 -6
11 V 19 0 -6
11 V 20 0 -6
11 V 21 0 -6
11 V 22 0 -6
11 V 23 0 -6
11 V 24 0 -6
11 V 25 0 -6
12 Q 4
12 V 1 0 -6
12 V 2 0 -6
12 V 3 0 -6
12 V 4 0 -6
12 V 5 0 -6
12 V 6 0 -6
12 V 7 0 -6
12 V 8 0 -6
12 V 9 0 -6
12 V 10 0 -6
12 V 11 0 -6
12 V 12 0 -6
12 V 13 0 -6
12 V 14 0 -6
12 V 15 0 -6
12 V 16 0 -6
12 V 17 0 -6
12 V 18 0 -6
12 V 19 0 -6
12 V 20 0 -6
12 V 21 0 -6
12 V 22 0 -6
12 V 23 0 -6
12 V 24 0 -6
12 V 25 0 -6
13 Q 4
13 V 1 0 -6
13 V 2 0 -6
13 V 3 0 -6
13 V 4 0 -6
13 V 5 0 -6
13 V 6 0 -6
13 V 7 0 -6
13 V 8 0 -6
13 V 9 0 -6
13 V 10 0 -6
13 V 11 0 -6
13 V 12 0 -6
13 V 13 0 -6
13 V 14 0 -6
13 V 15 0 -6
13 V 16 0 -6
13 V 17 0 -6
13 V 18 0 -6
13 V 19 0 -6
13 V 20 0 -6
13 V 21 0 -6
13 V 22 0 -6
13 V 23 0 -6
13 V 24 0 -6
13 V 25 0 -6
14 Q 4
14 V 1 0 -6
14 V 2 0 -6
14 V 3 0 -6
14 V 4 0 -6
14 V 5 0 -6
14 V 6 0 -6
14 V 7 0 -6
14 V 8 0 -6
14 V 9 0 -6
14 V 10 0 -6
14 V 11 0 -6
14 V 12 0 -6
14 V 13 0 -6
14 V 14 0 -6
14 V 15 0 -6
14 V 16 0 -6
14 V 17 0 -6
14 V 18 0 -6
14 V 19 0 -6
14 V 20 0 -6
14 V 21 0 -6
14 V 22 0 -6
14 V 23 0 -6
14 V 24 0 -6
14 V 25 0 -6
15 Q 4
15 V 1 0 -6
15 V 2 0 -6
15 V 3 0 -6
15 V 4 0 -6
15 V 5 0 -6
15 V 6 0 -6
15 V 7 0 -6
15 V 8 0 -6
15 V 9 0 -6
15 V 10 0 -6
15 V 11 0 -6
15 V 12 0 -6
15 V 13 0 -6
15 V 14 0 -6
15 V 15 0 -6
15 V 16 0 -6
15 V 17 0 -6
15 V 18 0 -6
15 V 19 0 -6
15 V 20 0 -6
15 V 21 0 -6
15 V 22 0 -6
15 V 23 0 -6
15 V 24 0 -6
15 V 25 0 -6
16 Q 5
16 V 1 0 -6
16 V 2 0 -6
16 V 3 0 -6
16 V 4 0 -6
16 V 5 0 -6
16 V 6 0 -6
16 V 7 0 -6
16 V 8 0 -6
16 V 9 0 -6
16 V 10 0 -6
16 V 11 0 -6
16 V 12 0 -6
16 V 13 0 -6
16 V 14 0 -6
16 V 15 0 -6
16 V 16 0 -6
16 V 17 0 -6
16 V 18 0 -6
16 V 19 0 -6
16 V 20 0 -6
16 V 21 0 -6
16 V 22 0 -6
16 V 23 0 -6
16 V 24 0 -6
16 V 25 0 -6
17 Q 7
17 V 1 0 -6
17 V 2 0 -6
17 V 3 0 -6
17 V 4 0 -6
17 V 5 0 -6
17 V 6 0 -6
17 V 7 0 -6
17 V 8 0 -6
17 V 9 0 -6
17 V 10 0 -6
17 V 11 0 -6
17 V 12 0 -6
17 V 13 0 -6
17 V 14 0 -6
17 V 15 0 -6
17 V 16 0 -6
17 V 17 0 -6
17 V 18 0 -6
17 V 19 0 -6
17 V 20 0 -6
17 V 21 0 -6
17 V 22 0 -6
17 V 23 0 -6
17 V 24 0 -6
17 V 25 0 -6
18 Q 7
18 V 1 0 -6
18 V 2 0 -6
18 V 3 0 -6
18 V 4 0 -6
18 V 5 0 -6
18 V 6 0 -6
18 V 7 0 -6
18 V 8 0 -6
18 V 9 0 -6
18 V 10 0 -6
18 V 11 0 -6
18 V 12 0 -6
18 V 13 0 -6
18 V 14 0 -6
18 V 15 0 -6
18 V 16 0 -6
18 V 17 0 -6
18 V 18 0 -6
18 V 19 0 -6
18 V 20 0 -6
18 V 21 0 -6
18 V 22 0 -6
18 V 23 0 -6
18 V 24 0 -6
18 V 25 0 -6
19 Q 7
19 V 1 0 -6
19 V 2 0 -6
19 V 3 0 -6
19 V 4 0 -6
19 V 5 0 -6
19 V 6 0 -6
19 V 7 0 -6
19 V 8 0 -6
19 V 9 0 -6
19 V 10 0 -6
19 V 11 0 -6
19 V 12 0 -6
19 V 13 0 -6
19 V 14 0 -6
19 V 15 0 -6
19 V 16 0 -6
19 V 17 0 -6
19 V 18 0 -6
19 V 19 0 -6
19 V 20 0 -6
19 V 21 0 -6
19 V 22 0 -6
19 V 23 0 -6
19 V 24 0 -6
19 V 25 0 -6
20 Q 7
20 V 1 0 -6
20 V 2 0 -6
20 V 3 0 -6
20 V 4 0 -6
20 V 5 0 -6
20 V 6 0 -6
20 V 7 0 -6
20 V 8 0 -6
20 V 9 0 -6
20 V 10 0 -6
20 V 11 0 -6
20 V 12 0 -6
20 V 13 0 -6
20 V 14 0 -6
20 V 15 0 -6
20 V 16 0 -6
20 V 17 0 -6
20 V 18 0 -6
20 V 19 0 -6
20 V 20 0 -6
20 V 21 0 -6
20 V 22 0 -6
20 V 23 0 -6
20 V 24 0 -6
20 V 25 0 -6
21 Q 7
21 V 1 0 -6
21 V 2 0 -6
21 V 3 0 -6
21 V 4 0 -6
21 V 5 0 -6
21 V 6 0 -6
21 V 7 0 -6
21 V 8 0 -6
21 V 9 0 -6
21 V 10 0 -6
21 V 11 0 -6
21 V 12 0 -6
21 V 13 0 -6
21 V 14 0 -6
21 V 15 0 -6
21 V 16 0 -6
21 V 17 0 -6
21 V 18 0 -6
21 V 19 0 -6
21 V 20 0 -6
21 V 21 0 -6
21 V 22 0 -6
21 V 23 0 -6
21 V 24 0 -6
21 V 25 0 -6
22 Q 7
22 V 1 0 -6
22 V 2 0 -6
22 V 3 0 -6
22 V 4 0 -6
22 V 5 0 -6
22 V 6 0 -6
22 V 7 0 -6
22 V 8 0 -6
22 V 9 0 -6
22 V 10 0 -6
22 V 11 0 -6
22 V 12 0 -6
22 V 13 0 -6
22 V 14 0 -6
22 V 15 0 -6
22 V 16 0 -6
22 V 17 0 -6
22 V 18 0 -6
22 V 19 0 -6
22 V 20 0 -6
22 V 21 0 -6
22 V 22 0 -6
22 V 23 0 -6
22 V 24 0 -6
22 V 25 0 -6
23 Q 7
23 V 1 0 -6
23 V 2 0 -6
23 V 3 0 -6
23 V 4 0 -6
23 V 5 0 -6
23 V 6 0 -6
23 V 7 0 -6
23 V 8 0 -6
23 V 9 0 -6
23 V 10 0 -6
23 V 11 0 -6
23 V 12 0 -6
23 V 13 0 -6
23 V 14 0 -6
23 V 15 0 -6
23 V 16 0 -6
23 V 17 0 -6
23 V 18 0 -6
23 V 19 0 -6
23 V 20 0 -6
23 V 21 0 -6
23 V 22 0 -6
23 V 23 0 -6
23 V 24 0 -6
23 V 25 0 -6
24 Q 7
24 V 1 0 -6
24 V 2 0 -6
24 V 3 0 -6
24 V 4 0 -6
24 V 5 0 -6
24 V 6 0 -6
24 V 7 0 -6
24 V 8 0 -6
24 V 9 0 -6
24 V 10 0 -6
24 V 11 0 -6
24 V 12 0 -6
24 V 13 0 -6
24 V 14 0 -6
24 V 15 0 -6
24 V 16 0 -6
24 V 17 0 -6
24 V 18 0 -6
24 V 19 0 -6
24 V 20 0 -6
24 V 21 0 -6
24 V 22 0 -6
24 V 23 0 -6
24 V 24 0 -6
24 V 25 0 -6
25 Q 9
25 V 1 0 -6
25 V 2 0 -6
25 V 3 0 -6
25 V 4 0 -6
25 V 5 0 -6
25 V 6 0 -6
25 V 7 0 -6
25 V 8 0 -6
25 V 9 0 -6
25 V 10 0 -6
25 V 11 0 -6
25 V 12 0 -6
25 V 13 0 -6
25 V 14 0 -6
25 V 15 0 -6
25 V 16 0 -6
25 V 17 0 -6
25 V 18 0 -6
25 V 19 0 -6
25 V 20 0 -6
25 V 21 0 -6
25 V 22 0 -6
25 V 23 0 -6
25 V 24 0 -6
25 V 25 0 -6
26 Q 9
26 V 1 0 -6
26 V 2 0 -6
26 V 3 0 -6
26 V 4 0 -6
26 V 5 0 -6
26 V 6 0 -6
26 V 7 0 -6
26 V 8 0 -6
26 V 9 0 -6
26 V 10 0 -6
26 V 11 0 -6
26 V 12 0 -6
26 V 13 0 -6
26 V 14 0 -6
26 V 15 0 -6
26 V 16 0 -6
26 V 17 0 -6
26 V 18 0 -6
26 V 19 0 -6
26 V 20 0 -6
26 V 21 0 -6
26 V 22 0 -6
26 V 23 0 -6
26 V 24 0 -6
26 V 25 0 -6
27 Q 11
27 V 1 0 -6
27 V 2 0 -6
27 V 3 0 -6
27 V 4 0 -6
27 V 5 0 -6
27 V 6 0 -6
27 V 7 0 -6
27 V 8 0 -6
27 V 9 0 -6
27 V 10 0 -6
27 V 11 0 -6
27 V 12 0 -6
27 V 13 0 -6
27 V 14 0 -6
27 V 15 0 -6
27 V 16 0 -6
27 V 17 0 -6
27 V 18 0 -6
27 V 19 0 -6
27 V 20 0 -6
27 V 21 0 -6
27 V 22 0 -6
27 V 23 0 -6
27 V 24 0 -6
27 V 25 0 -6
28 Q 11
28 V 1 0 -6
28 V 2 0 -6
28 V 3 0 -6
28 V 4 0 -6
28 V 5 0 -6
28 V 6 0 -6
28 V 7 0 -6
28 V 8 0 -6
28 V 9 0 -6
28 V 10 0 -6
28 V 11 0 -6
28 V 12 0 -6
28 V 13 0 -6
28 V 14 0 -6
28 V 15 0 -6
28 V 16 0 -6
28 V 17 0 -6
28 V 18 0 -6
28 V 19 0 -6
28 V 20 0 -6
28 V 21 0 -6
28 V 22 0 -6
28 V 23 0 -6
28 V 24 0 -6
28 V 25 0 -6
29 Q 11
29 V 1 0 -6
29 V 2 0 -6
29 V 3 0 -6
29 V 4 0 -6
29 V 5 0 -6
29 V 6 0 -6
29 V 7 0 -6
29 V 8 0 -6
29 V 9 0 -6
29 V 10 0 -6
29 V 11 0 -6
29 V 12 0 -6
29 V 13 0 -6
29 V 14 0 -6
29 V 15 0 -6
29 V 16 0 -6
29 V 17 0 -6
29 V 18 0 -6
29 V 19 0 -6
29 V 20 0 -6
29 V 21 0 -6
29 V 22 0 -6
29 V 23 0 -6
29 V 24 0 -6
29 V 25 0 -6
30 Q 11
30 V 1 0 -6
30 V 2 0 -6
30 V 3 0 -6
30 V 4 0 -6
30 V 5 0 -6
30 V 6 0 -6
30 V 7 0 -6
30 V 8 0 -6
30 V 9 0 -6
30 V 10 0 -6
30 V 11 0 -6
30 V 12 0 -6
30 V 13 0 -6
30 V 14 0 -6
30 V 15 0 -6
30 V 16 0 -6
30 V 17 0 -6
30 V 18 0 -6
30 V 19 0 -6
30 V 20 0 -6
30 V 21 0 -6
30 V 22 0 -6
30 V 23 0 -6
30 V 24 0 -6
30 V 25 0 -6
31 Q 12
31 V 1 0 -6
31 V 2 0 -6
31 V 3 0 -6
31 V 4 0 -6
31 V 5 0 -6
31 V 6 0 -6
31 V 7 0 -6
31 V 8 0 -6
31 V 9 0 -6
31 V 10 0 -6
31 V 11 0 -6
31 V 12 0 -6
31 V 13 0 -6
31 V 14 0 -6
31 V 15 0 -6
31 V 16 0 -6
31 V 17 0 -6
31 V 18 0 -6
31 V 19 0 -6
31 V 20 0 -6
31 V 21 0 -6
31 V 22 0 -6
31 V 23 0 -6
31 V 24 0 -6
31 V 25 0 -6
32 Q 12
32 V 1 0 -6
32 V 2 0 -6
32 V 3 0 -6
32 V 4 0 -6
32 V 5 0 -6
32 V 6 0 -6
32 V 7 0 -6
32 V 8 0 -6
32 V 9 0 -6
32 V 10 0 -6
32 V 11 0 -6
32 V 12 0 -6
32 V 13 0 -6
32 V 14 0 -6
32 V 15 0 -6
32 V 16 0 -6
32 V 17 0 -6
32 V 18 0 -6
32 V 19 0 -6
32 V 20 0 -6
32 V 21 0 -6
32 V 22 0 -6
32 V 23 0 -6
32 V 24 0 -6
32 V 25 0 -6
33 Q 12
33 V 1 0 -6
33 V 2 0 -6
33 V 3 0 -6
33 V 4 0 -6
33 V 5 0 -6
33 V 6 0 -6
33 V 7 0 -6
33 V 8 0 -6
33 V 9 0 -6
33 V 10 0 -6
33 V 11 0 -6
33 V 12 0 -6
33 V 13 0 -6
33 V 14 0 -6
33 V 15 0 -6
33 V 16 0 -6
33 V 17 0 -6
33 V 18 0 -6
33 V 19 0 -6
33 V 20 0 -6
33 V 21 0 -6
33 V 22 0 -6
33 V 23 0 -6
33 V 24 0 -6
33 V 25 0 -6
34 Q 12
34 V 1 0 -6
34 V 2 0 -6
34 V 3 0 -6
34 V 4 0 -6
34 V 5 0 -6
34 V 6 0 -6
34 V 7 0 -6
34 V 8 0 -6
34 V 9 0 -6
34 V 10 0 -6
34 V 11 0 -6
34 V 12 0 -6
34 V 13 0 -6
34 V 14 0 -6
34 V 15 0 -6
34 V 16 0 -6
34 V 17 0 -6
34 V 18 0 -6
34 V 19 0 -6
34 V 20 0 -6
34 V 21 0 -6
34 V 22 0 -6
34 V 23 0 -6
34 V 24 0 -6
34 V 25 0 -6
35 Q 12
35 V 1 0 -6
35 V 2 0 -6
35 V 3 0 -6
35 V 4 0 -6
35 V 5 0 -6
35 V 6 0 -6
35 V 7 0 -6
35 V 8 0 -6
35 V 9 0 -6
35 V 10 0 -6
35 V 11 0 -6
35 V 12 0 -6
35 V 13 0 -6
35 V 14 0 -6
35 V 15 0 -6
35 V 16 0 -6
35 V 17 0 -6
35 V 18 0 -6
35 V 19 0 -6
35 V 20 0 -6
35 V 21 0 -6
35 V 22 0 -6
35 V 23 0 -6
35 V 24 0 -6
35 V 25 0 -6
36 Q 13
36 V 1 0 -6
36 V 2 0 -6
36 V 3 0 -6
36 V 4 0 -6
36 V 5 0 -6
36 V 6 0 -6
36 V 7 0 -6
36 V 8 0 -6
36 V 9 0 -6
36 V 10 0 -6
36 V 11 0 -6
36 V 12 0 -6
36 V 13 0 -6
36 V 14 0 -6
36 V 15 0 -6
36 V 16 0 -6
36 V 17 0 -6
36 V 18 0 -6
36 V 19 0 -6
36 V 20 0 -6
36 V 21 0 -6
36 V 22 0 -6
36 V 23 0 -6
36 V 24 0 -6
36 V 25 0 -6
37 Q 13
37 V 1 0 -6
37 V 2 0 -6
37 V 3 0 -6
37 V 4 0 -6
37 V 5 0 -6
37 V 6 0 -6
37 V 7 0 -6
37 V 8 0 -6
37 V 9 0 -6
37 V 10 0 -6
37 V 11 0 -6
37 V 12 0 -6
37 V 13 0 -6
37 V 14 0 -6
37 V 15 0 -6
37 V 16 0 -6
37 V 17 0 -6
37 V 18 0 -6
37 V 19 0 -6
37 V 20 0 -6
37 V 21 0 -6
37 V 22 0 -6
37 V 23 0 -6
37 V 24 0 -6
37 V 25 0 -6
38 Q 13
38 V 1 0 -6
38 V 2 0 -6
38 V 3 0 -6
38 V 4 0 -6
38 V 5 0 -6
38 V 6 0 -6
38 V 7 0 -6
38 V 8 0 -6
38 V 9 0 -6
38 V 10 0 -6
38 V 11 0 -6
38 V 12 0 -6
38 V 13 0 -6
38 V 14 0 -6
38 V 15 0 -6
38 V 16 0 -6
38 V 17 0 -6
38 V 18 0 -6
38 V 19 0 -6
38 V 20 0 -6
38 V 21 0 -6
38 V 22 0 -6
38 V 23 0 -6
38 V 24 0 -6
38 V 25 0 -6
39 Q 13
39 V 1 0 -6
39 V 2 0 -6
39 V 3 0 -6
39 V 4 0 -6
39 V 5 0 -6
39 V 6 0 -6
39 V 7 0 -6
39 V 8 0 -6
39 V 9 0 -6
39 V 10 0 -6
39 V 11 0 -6
39 V 12 0 -6
39 V 13 0 -6
39 V 14 0 -6
39 V 15 0 -6
39 V 16 0 -6
39 V 17 0 -6
39 V 18 0 -6
39 V 19 0 -6
39 V 20 0 -6
39 V 21 0 -6
39 V 22 0 -6
39 V 23 0 -6
39 V 24 0 -6
39 V 25 0 -6
40 Q 13
40 V 1 0 -6
40 V 2 0 -6
40 V 3 0 -6
40 V 4 0 -6
40 V 5 0 -6
40 V 6 0 -6
40 V 7 0 -6
40 V 8 0 -6
40 V 9 0 -6
40 V 10 0 -6
40 V 11 0 -6
40 V 12 0 -6
40 V 13 0 -6
40 V 14 0 -6
40 V 15 0 -6
40 V 16 0 -6
40 V 17 0 -6
40 V 18 0 -6
40 V 19 0 -6
40 V 20 0 -6
40 V 21 0 -6
40 V 22 0 -6
40 V 23 0 -6
40 V 24 0 -6
40 V 25 0 -6
41 Q 13
41 V 1 0 -6
41 V 2 0 -6
41 V 3 0 -6
41 V 4 0 -6
41 V 5 0 -6
41 V 6 0 -6
41 V 7 0 -6
41 V 8 0 -6
41 V 9 0 -6
41 V 10 0 -6
41 V 11 0 -6
41 V 12 0 -6
41 V 13 0 -6
41 V 14 0 -6
41 V 15 0 -6
41 V 16 0 -6
41 V 17 0 -6
41 V 18 0 -6
41 V 19 0 -6
41 V 20 0 -6
41 V 21 0 -6
41 V 22 0 -6
41 V 23 0 -6
41 V 24 0 -6
41 V 25 0 -6
42 Q 15
42 V 1 0 -6
42 V 2 0 -6
42 V 3 0 -6
42 V 4 0 -6
42 V 5 0 -6
42 V 6 0 -6
42 V 7 0 -6
42 V 8 0 -6
42 V 9 0 -6
42 V 10 0 -6
42 V 11 0 -6
42 V 12 0 -6
42 V 13 0 -6
42 V 14 0 -6
42 V 15 0 -6
42 V 16 0 -6
42 V 17 0 -6
42 V 18 0 -6
42 V 19 0 -6
42 V 20 0 -6
42 V 21 0 -6
42 V 22 0 -6
42 V 23 0 -6
42 V 24 0 -6
42 V 25 0 -6
43 Q 15
43 V 1 0 -6
43 V 2 0 -6
43 V 3 0 -6
43 V 4 0 -6
43 V 5 0 -6
43 V 6 0 -6
43 V 7 0 -6
43 V 8 0 -6
43 V 9 0 -6
43 V 10 0 -6
43 V 11 0 -6
43 V 12 0 -6
43 V 13 0 -6
43 V 14 0 -6
43 V 15 0 -6
43 V 16 0 -6
43 V 17 0 -6
43 V 18 0 -6
43 V 19 0 -6
43 V 20 0 -6
43 V 21 0 -6
43 V 22 0 -6
43 V 23 0 -6
43 V 24 0 -6
43 V 25 0 -6
44 Q 15
44 V 1 0 -6
44 V 2 0 -6
44 V 3 0 -6
44 V 4 0 -6
44 V 5 0 -6
44 V 6 0 -6
44 V 7 0 -6
44 V 8 0 -6
44 V 9 0 -6
44 V 10 0 -6
44 V 11 0 -6
44 V 12 0 -6
44 V 13 0 -6
44 V 14 0 -6
44 V 15 0 -6
44 V 16 0 -6
44 V 17 0 -6
44 V 18 0 -6
44 V 19 0 -6
44 V 20 0 -6
44 V 21 0 -6
44 V 22 0 -6
44 V 23 0 -6
44 V 24 0 -6
44 V 25 0 -6
45 Q 16
45 V 1 0 -6
45 V 2 0 -6
45 V 3 0 -6
45 V 4 0 -6
45 V 5 0 -6
45 V 6 0 -6
45 V 7 0 -6
45 V 8 0 -6
45 V 9 0 -6
45 V 10 0 -6
45 V 11 0 -6
45 V 12 0 -6
45 V 13 0 -6
45 V 14 0 -6
45 V 15 0 -6
45 V 16 0 -6
45 V 17 0 -6
45 V 18 0 -6
45 V 19 0 -6
45 V 20 0 -6
45 V 21 0 -6
45 V 22 0 -6
45 V 23 0 -6
45 V 24 0 -6
45 V 25 0 -6
46 Q 16
46 V 1 0 -6
46 V 2 0 -6
46 V 3 0 -6
46 V 4 0 -6
46 V 5 0 -6
46 V 6 0 -6
46 V 7 0 -6
46 V 8 0 -6
46 V 9 0 -6
46 V 10 0 -6
46 V 11 0 -6
46 V 12 0 -6
46 V 13 0 -6
46 V 14 0 -6
46 V 15 0 -6
46 V 16 0 -6
46 V 17 0 -6
46 V 18 0 -6
46 V 19 0 -6
46 V 20 0 -6
46 V 21 0 -6
46 V 22 0 -6
46 V 23 0 -6
46 V 24 0 -6
46 V 25 0 -6
47 Q 16
47 V 1 0 -6
47 V 2 0 -6
47 V 3 0 -6
47 V 4 0 -6
47 V 5 0 -6
47 V 6 0 -6
47 V 7 0 -6
47 V 8 0 -6
47 V 9 0 -6
47 V 10 0 -6
47 V 11 0 -6
47 V 12 0 -6
47 V 13 0 -6
47 V 14 0 -6
47 V 15 0 -6
47 V 16 0 -6
47 V 17 0 -6
47 V 18 0 -6
47 V 19 0 -6
47 V 20 0 -6
47 V 21 0 -6
47 V 22 0 -6
47 V 23 0 -6
47 V 24 0 -6
47 V 25 0 -6
48 Q 16
48 V 1 0 -6
48 V 2 0 -6
48 V 3 0 -6
48 V 4 0 -6
48 V 5 0 -6
48 V 6 0 -6
48 V 7 0 -6
48 V 8 0 -6
48 V 9 0 -6
48 V 10 0 -6
48 V 11 0 -6
48 V 12 0 -6
48 V 13 0 -6
48 V 14 0 -6
48 V 15 0 -6
48 V 16 0 -6
48 V 17 0 -6
48 V 18 0 -6
48 V 19 0 -6
48 V 20 0 -6
48 V 21 0 -6
48 V 22 0 -6
48 V 23 0 -6
48 V 24 0 -6
48 V 25 0 -6
49 Q 17
49 V 1 0 -6
49 V 2 0 -6
49 V 3 0 -6
49 V 4 0 -6
49 V 5 0 -6
49 V 6 0 -6
49 V 7 0 -6
49 V 8 0 -6
49 V 9 0 -6
49 V 10 0 -6
49 V 11 0 -6
49 V 12 0 -6
49 V 13 0 -6
49 V 14 0 -6
49 V 15 0 -6
49 V 16 0 -6
49 V 17 0 -6
49 V 18 0 -6
49 V 19 0 -6
49 V 20 0 -6
49 V 21 0 -6
49 V 22 0 -6
49 V 23 0 -6
49 V 24 0 -6
49 V 25 0 -6
50 Q 17
50 V 1 0 -6
50 V 2 0 -6
50 V 3 0 -6
50 V 4 0 -6
50 V 5 0 -6
50 V 6 0 -6
50 V 7 0 -6
50 V 8 0 -6
50 V 9 0 -6
50 V 10 0 -6
50 V 11 0 -6
50 V 12 0 -6
50 V 13 0 -6
50 V 14 0 -6
50 V 15 0 -6
50 V 16 0 -6
50 V 17 0 -6
50 V 18 0 -6
50 V 19 0 -6
50 V 20 0 -6
50 V 21 0 -6
50 V 22 0 -6
50 V 23 0 -6
50 V 24 0 -6
50 V 25 0 -6
51 Q 17
51 V 1 0 -6
51 V 2 0 -6
51 V 3 0 -6
51 V 4 0 -6
51 V 5 0 -6
51 V 6 0 -6
51 V 7 0 -6
51 V 8 0 -6
51 V 9 0 -6
51 V 10 0 -6
51 V 11 0 -6
51 V 12 0 -6
51 V 13 0 -6
51 V 14 0 -6
51 V 15 0 -6
51 V 16 0 -6
51 V 17 0 -6
51 V 18 0 -6
51 V 19 0 -6
51 V 20 0 -6
51 V 21 0 -6
51 V 22 0 -6
51 V 23 0 -6
51 V 24 0 -6
51 V 25 0 -6
52 Q 17
52 V 1 0 -6
52 V 2 0 -6
52 V 3 0 -6
52 V 4 0 -6
52 V 5 0 -6
52 V 6 0 -6
52 V 7 0 -6
52 V 8 0 -6
52 V 9 0 -6
52 V 10 0 -6
52 V 11 0 -6
52 V 12 0 -6
52 V 13 0 -6
52 V 14 0 -6
52 V 15 0 -6
52 V 16 0 -6
52 V 17 0 -6
52 V 18 0 -6
52 V 19 0 -6
52 V 20 0 -6
52 V 21 0 -6
52 V 22 0 -6
52 V 23 0 -6
52 V 24 0 -6
52 V 25 0 -6
53 Q 17
53 V 1 0 -6
53 V 2 0 -6
53 V 3 0 -6
53 V 4 0 -6
53 V 5 0 -6
53 V 6 0 -6
53 V 7 0 -6
53 V 8 0 -6
53 V 9 0 -6
53 V 10 0 -6
53 V 11 0 -6
53 V 12 0 -6
53 V 13 0 -6
53 V 14 0 -6
53 V 15 0 -6
53 V 16 0 -6
53 V 17 0 -6
53 V 18 0 -6
53 V 19 0 -6
53 V 20 0 -6
53 V 21 0 -6
53 V 22 0 -6
53 V 23 0 -6
53 V 24 0 -6
53 V 25 0 -6
54 Q 17
54 V 1 0 -6
54 V 2 0 -6
54 V 3 0 -6
54 V 4 0 -6
54 V 5 0 -6
54 V 6 0 -6
54 V 7 0 -6
54 V 8 0 -6
54 V 9 0 -6
54 V 10 0 -6
54 V 11 0 -6
54 V 12 0 -6
54 V 13 0 -6
54 V 14 0 -6
54 V 15 0 -6
54 V 16 0 -6
54 V 17 0 -6
54 V 18 0 -6
54 V 19 0 -6
54 V 20 0 -6
54 V 21 0 -6
54 V 22 0 -6
54 V 23 0 -6
54 V 24 0 -6
54 V 25 0 -6
55 Q 18
55 V 1 0 -6
55 V 2 0 -6
55 V 3 0 -6
55 V 4 0 -6
55 V 5 0 -6
55 V 6 0 -6
55 V 7 0 -6
55 V 8 0 -6
55 V 9 0 -6
55 V 10 0 -6
55 V 11 0 -6
55 V 12 0 -6
55 V 13 0 -6
55 V 14 0 -6
55 V 15 0 -6
55 V 16 0 -6
55 V 17 0 -6
55 V 18 0 -6
55 V 19 0 -6
55 V 20 0 -6
55 V 21 0 -6
55 V 22 0 -6
55 V 23 0 -6
55 V 24 0 -6
55 V 25 0 -6
56 Q 18
56 V 1 0 -6
56 V 2 0 -6
56 V 3 0 -6
56 V 4 0 -6
56 V 5 0 -6
56 V 6 0 -6
56 V 7 0 -6
56 V 8 0 -6
56 V 9 0 -6
56 V 10 0 -6
56 V 11 0 -6
56 V 12 0 -6
56 V 13 0 -6
56 V 14 0 -6
56 V 15 0 -6
56 V 16 0 -6
56 V 17 0 -6
56 V 18 0 -6
56 V 19 0 -6
56 V 20 0 -6
56 V 21 0 -6
56 V 22 0 -6
56 V 23 0 -6
56 V 24 0 -6
56 V 25 0 -6
57 Q 18
57 V 1 0 -6
57 V 2 0 -6
57 V 3 0 -6
57 V 4 0 -6
57 V 5 0 -6
57 V 6 0 -6
57 V 7 0 -6
57 V 8 0 -6
57 V 9 0 -6
57 V 10 0 -6
57 V 11 0 -6
57 V 12 0 -6
57 V 13 0 -6
57 V 14 0 -6
57 V 15 0 -6
57 V 16 0 -6
57 V 17 0 -6
57 V 18 0 -6
57 V 19 0 -6
57 V 20 0 -6
57 V 21 0 -6
57 V 22 0 -6
57 V 23 0 -6
57 V 24 0 -6
57 V 25 0 -6
58 Q 18
58 V 1 0 -6
58 V 2 0 -6
58 V 3 0 -6
58 V 4 0 -6
58 V 5 0 -6
58 V 6 0 -6
58 V 7 0 -6
58 V 8 0 -6
58 V 9 0 -6
58 V 10 0 -6
58 V 11 0 -6
58 V 12 0 -6
58 V 13 0 -6
58 V 14 0 -6
58 V 15 0 -6
58 V 16 0 -6
58 V 17 0 -6
58 V 18 0 -6
58 V 19 0 -6
58 V 20 0 -6
58 V 21 0 -6
58 V 22 0 -6
58 V 23 0 -6
58 V 24 0 -6
58 V 25 0 -6
59 Q 18
59 V 1 0 -6
59 V 2 0 -6
59 V 3 0 -6
59 V 4 0 -6
59 V 5 0 -6
59 V 6 0 -6
59 V 7 0 -6
59 V 8 0 -6
59 V 9 0 -6
59 V 10 0 -6
59 V 11 0 -6
59 V 12 0 -6
59 V 13 0 -6
59 V 14 0 -6
59 V 15 0 -6
59 V 16 0 -6
59 V 17 0 -6
59 V 18 0 -6
59 V 19 0 -6
59 V 20 0 -6
59 V 21 0 -6
59 V 22 0 -6
59 V 23 0 -6
59 V 24 0 -6
59 V 25 0 -6
60 Q 18
60 V 1 0 -6
60 V 2 0 -6
60 V 3 0 -6
60 V 4 0 -6
60 V 5 0 -6
60 V 6 0 -6
60 V 7 0 -6
60 V 8 0 -6
60 V 9 0 -6
60 V 10 0 -6
60 V 11 0 -6
60 V 12 0 -6
60 V 13 0 -6
60 V 14 0 -6
60 V 15 0 -6
60 V 16 0 -6
60 V 17 0 -6
60 V 18 0 -6
60 V 19 0 -6
60 V 20 0 -6
60 V 21 0 -6
60 V 22 0 -6
60 V 23 0 -6
60 V 24 0 -6
60 V 25 0 -6
61 Q 18
61 V 1 0 -6
61 V 2 0 -6
61 V 3 0 -6
61 V 4 0 -6
61 V 5 0 -6
61 V 6 0 -6
61 V 7 0 -6
61 V 8 0 -6
61 V 9 0 -6
61 V 10 0 -6
61 V 11 0 -6
61 V 12 0 -6
61 V 13 0 -6
61 V 14 0 -6
61 V 15 0 -6
61 V 16 0 -6
61 V 17 0 -6
61 V 18 0 -6
61 V 19 0 -6
61 V 20 0 -6
61 V 21 0 -6
61 V 22 0 -6
61 V 23 0 -6
61 V 24 0 -6
61 V 25 0 -6
62 Q 19
62 V 1 0 -6
62 V 2 0 -6
62 V 3 0 -6
62 V 4 0 -6
62 V 5 0 -6
62 V 6 0 -6
62 V 7 0 -6
62 V 8 0 -6
62 V 9 0 -6
62 V 10 0 -6
62 V 11 0 -6
62 V 12 0 -6
62 V 13 0 -6
62 V 14 0 -6
62 V 15 0 -6
62 V 16 0 -6
62 V 17 0 -6
62 V 18 0 -6
62 V 19 0 -6
62 V 20 0 -6
62 V 21 0 -6
62 V 22 0 -6
62 V 23 0 -6
62 V 24 0 -6
62 V 25 0 -6
63 Q 19
63 T 382
63 V 1 0 -6
63 V 2 0 -6
63 V 3 0 -6
63 V 4 0 -6
63 V 5 0 -6
63 V 6 0 -6
63 V 7 0 -6
63 V 8 0 -6
63 V 9 0 -6
63 V 10 0 -6
63 V 11 0 -6
63 V 12 0 -6
63 V 13 0 -6
63 V 14 0 -6
63 V 15 0 -6
63 V 16 0 -6
63 V 17 0 -6
63 V 18 0 -6
63 V 19 0 -6
63 V 20 0 -6
63 V 21 0 -6
63 V 22 0 -6
63 V 23 0 -6
63 V 24 0 -6
63 V 25 0 -6
64 Q 20
64 T 34
64 V 1 0 -6
64 V 2 0 -6
64 V 3 0 -6
64 V 4 0 -6
64 V 5 0 -6
64 V 6 0 -6
64 V 7 0 -6
64 V 8 0 -6
64 V 9 0 -6
64 V 10 0 -6
64 V 11 0 -6
64 V 12 0 -6
64 V 13 0 -6
64 V 14 0 -6
64 V 15 0 -6
64 V 16 0 -6
64 V 17 0 -6
64 V 18 0 -6
64 V 19 0 -6
64 V 20 0 -6
64 V 21 0 -6
64 V 22 0 -6
64 V 23 0 -6
64 V 24 0 -6
64 V 25 0 -6
65 Q 19
65 V 1 0 -6
65 V 2 0 -6
65 V 3 0 -6
65 V 4 0 -6
65 V 5 0 -6
65 V 6 0 -6
65 V 7 0 -6
65 V 8 0 -6
65 V 9 0 -6
65 V 10 0 -6
65 V 11 0 -6
65 V 12 0 -6
65 V 13 0 -6
65 V 14 0 -6
65 V 15 0 -6
65 V 16 0 -6
65 V 17 0 -6
65 V 18 0 -6
65 V 19 0 -6
65 V 20 0 -6
65 V 21 0 -6
65 V 22 0 -6
65 V 23 0 -6
65 V 24 0 -6
65 V 25 0 -6
66 Q 20
66 V 1 0 -6
66 V 2 0 -6
66 V 3 0 -6
66 V 4 0 -6
66 V 5 0 -6
66 V 6 0 -6
66 V 7 0 -6
66 V 8 0 -6
66 V 9 0 -6
66 V 10 0 -6
66 V 11 0 -6
66 V 12 0 -6
66 V 13 0 -6
66 V 14 0 -6
66 V 15 0 -6
66 V 16 0 -6
66 V 17 0 -6
66 V 18 0 -6
66 V 19 0 -6
66 V 20 0 -6
66 V 21 0 -6
66 V 22 0 -6
66 V 23 0 -6
66 V 24 0 -6
66 V 25 0 -6
67 Q 20
67 V 1 0 -6
67 V 2 0 -6
67 V 3 0 -6
67 V 4 0 -6
67 V 5 0 -6
67 V 6 0 -6
67 V 7 0 -6
67 V 8 0 -6
67 V 9 0 -6
67 V 10 0 -6
67 V 11 0 -6
67 V 12 0 -6
67 V 13 0 -6
67 V 14 0 -6
67 V 15 0 -6
67 V 16 0 -6
67 V 17 0 -6
67 V 18 0 -6
67 V 19 0 -6
67 V 20 0 -6
67 V 21 0 -6
67 V 22 0 -6
67 V 23 0 -6
67 V 24 0 -6
67 V 25 0 -6
68 Q 20
68 V 1 0 -6
68 V 2 0 -6
68 V 3 0 -6
68 V 4 0 -6
68 V 5 0 -6
68 V 6 0 -6
68 V 7 0 -6
68 V 8 0 -6
68 V 9 0 -6
68 V 10 0 -6
68 V 11 0 -6
68 V 12 0 -6
68 V 13 0 -6
68 V 14 0 -6
68 V 15 0 -6
68 V 16 0 -6
68 V 17 0 -6
68 V 18 0 -6
68 V 19 0 -6
68 V 20 0 -6
68 V 21 0 -6
68 V 22 0 -6
68 V 23 0 -6
68 V 24 0 -6
68 V 25 0 -6
69 Q 20
69 V 1 0 -6
69 V 2 0 -6
69 V 3 0 -6
69 V 4 0 -6
69 V 5 0 -6
69 V 6 0 -6
69 V 7 0 -6
69 V 8 0 -6
69 V 9 0 -6
69 V 10 0 -6
69 V 11 0 -6
69 V 12 0 -6
69 V 13 0 -6
69 V 14 0 -6
69 V 15 0 -6
69 V 16 0 -6
69 V 17 0 -6
69 V 18 0 -6
69 V 19 0 -6
69 V 20 0 -6
69 V 21 0 -6
69 V 22 0 -6
69 V 23 0 -6
69 V 24 0 -6
69 V 25 0 -6
70 Q 21
70 T 374
70 V 1 0 -6
70 V 2 0 -6
70 V 3 0 -6
70 V 4 0 -6
70 V 5 0 -6
70 V 6 0 -6
70 V 7 0 -6
70 V 8 0 -6
70 V 9 0 -6
70 V 10 0 -6
70 V 11 0 -6
70 V 12 0 -6
70 V 13 0 -6
70 V 14 0 -6
70 V 15 0 -6
70 V 16 0 -6
70 V 17 0 -6
70 V 18 0 -6
70 V 19 0 -6
70 V 20 0 -6
70 V 21 0 -6
70 V 22 0 -6
70 V 23 0 -6
70 V 24 0 -6
70 V 25 0 -6
71 Q 20
71 T 504
71 V 1 0 -6
71 V 2 0 -6
71 V 3 0 -6
71 V 4 0 -6
71 V 5 0 -6
71 V 6 0 -6
71 V 7 0 -6
71 V 8 0 -6
71 V 9 0 -6
71 V 10 0 -6
71 V 11 0 -6
71 V 12 0 -6
71 V 13 0 -6
71 V 14 0 -6
71 V 15 0 -6
71 V 16 0 -6
71 V 17 0 -6
71 V 18 0 -6
71 V 19 0 -6
71 V 20 0 -6
71 V 21 0 -6
71 V 22 0 -6
71 V 23 0 -6
71 V 24 0 -6
71 V 25 0 -6
72 Q 19
72 V 1 0 -6
72 V 2 0 -6
72 V 3 0 -6
72 V 4 0 -6
72 V 5 0 -6
72 V 6 0 -6
72 V 7 0 -6
72 V 8 0 -6
72 V 9 0 -6
72 V 10 0 -6
72 V 11 0 -6
72 V 12 0 -6
72 V 13 0 -6
72 V 14 0 -6
72 V 15 0 -6
72 V 16 0 -6
72 V 17 0 -6
72 V 18 0 -6
72 V 19 0 -6
72 V 20 0 -6
72 V 21 0 -6
72 V 22 0 -6
72 V 23 0 -6
72 V 24 0 -6
72 V 25 0 -6
73 Q 19
73 V 1 0 -6
73 V 2 0 -6
73 V 3 0 -6
73 V 4 0 -6
73 V 5 0 -6
73 V 6 0 -6
73 V 7 0 -6
73 V 8 0 -6
73 V 9 0 -6
73 V 10 0 -6
73 V 11 0 -6
73 V 12 0 -6
73 V 13 0 -6
73 V 14 0 -6
73 V 15 0 -6
73 V 16 0 -6
73 V 17 0 -6
73 V 18 0 -6
73 V 19 0 -6
73 V 20 0 -6
73 V 21 0 -6
73 V 22 0 -6
73 V 23 0 -6
73 V 24 0 -6
73 V 25 0 -6
74 Q 19
74 V 1 0 -6
74 V 2 0 -6
74 V 3 0 -6
74 V 4 0 -6
74 V 5 0 -6
74 V 6 0 -6
74 V 7 0 -6
74 V 8 0 -6
74 V 9 0 -6
74 V 10 0 -6
74 V 11 0 -6
74 V 12 0 -6
74 V 13 0 -6
74 V 14 0 -6
74 V 15 0 -6
74 V 16 0 -6
74 V 17 0 -6
74 V 18 0 -6
74 V 19 0 -6
74 V 20 0 -6
74 V 21 0 -6
74 V 22 0 -6
74 V 23 0 -6
74 V 24 0 -6
74 V 25 0 -6
75 Q 19
75 V 1 0 -6
75 V 2 0 -6
75 V 3 0 -6
75 V 4 0 -6
75 V 5 0 -6
75 V 6 0 -6
75 V 7 0 -6
75 V 8 0 -6
75 V 9 0 -6
75 V 10 0 -6
75 V 11 0 -6
75 V 12 0 -6
75 V 13 0 -6
75 V 14 0 -6
75 V 15 0 -6
75 V 16 0 -6
75 V 17 0 -6
75 V 18 0 -6
75 V 19 0 -6
75 V 20 0 -6
75 V 21 0 -6
75 V 22 0 -6
75 V 23 0 -6
75 V 24 0 -6
75 V 25 0 -6
76 Q 19
76 V 1 0 -6
76 V 2 0 -6
76 V 3 0 -6
76 V 4 0 -6
76 V 5 0 -6
76 V 6 0 -6
76 V 7 0 -6
76 V 8 0 -6
76 V 9 0 -6
76 V 10 0 -6
76 V 11 0 -6
76 V 12 0 -6
76 V 13 0 -6
76 V 14 0 -6
76 V 15 0 -6
76 V 16 0 -6
76 V 17 0 -6
76 V 18 0 -6
76 V 19 0 -6
76 V 20 0 -6
76 V 21 0 -6
76 V 22 0 -6
76 V 23 0 -6
76 V 24 0 -6
76 V 25 0 -6
77 Q 19
77 T 997
77 V 1 0 -6
77 V 2 0 -6
77 V 3 0 -6
77 V 4 0 -6
77 V 5 0 -6
77 V 6 0 -6
77 V 7 0 -6
77 V 8 0 -6
77 V 9 0 -6
77 V 10 0 -6
77 V 11 0 -6
77 V 12 0 -6
77 V 13 0 -6
77 V 14 0 -6
77 V 15 0 -6
77 V 16 0 -6
77 V 17 0 -6
77 V 18 0 -6
77 V 19 0 -6
77 V 20 0 -6
77 V 21 0 -6
77 V 22 0 -6
77 V 23 0 -6
77 V 24 0 -6
77 V 25 0 -6
78 Q 18
78 T 441 691
78 V 1 0 -6
78 V 2 0 -6
78 V 3 0 -6
78 V 4 0 -6
78 V 5 0 -6
78 V 6 0 -6
78 V 7 0 -6
78 V 8 0 -6
78 V 9 0 -6
78 V 10 0 -6
78 V 11 0 -6
78 V 12 0 -6
78 V 13 0 -6
78 V 14 0 -6
78 V 15 0 -6
78 V 16 0 -6
78 V 17 0 -6
78 V 18 0 -6
78 V 19 0 -6
78 V 20 0 -6
78 V 21 0 -6
78 V 22 0 -6
78 V 23 0 -6
78 V 24 0 -6
78 V 25 0 -6
79 Q 16
79 V 1 0 -6
79 V 2 0 -6
79 V 3 0 -6
79 V 4 0 -6
79 V 5 0 -6
79 V 6 0 -6
79 V 7 0 -6
79 V 8 0 -6
79 V 9 0 -6
79 V 10 0 -6
79 V 11 0 -6
79 V 12 0 -6
79 V 13 0 -6
79 V 14 0 -6
79 V 15 0 -6
79 V 16 0 -6
79 V 17 0 -6
79 V 18 0 -6
79 V 19 0 -6
79 V 20 0 -6
79 V 21 0 -6
79 V 22 0 -6
79 V 23 0 -6
79 V 24 0 -6
79 V 25 0 -6
80 Q 16
80 V 1 0 -6
80 V 2 0 -6
80 V 3 0 -6
80 V 4 0 -6
80 V 5 0 -6
80 V 6 0 -6
80 V 7 0 -6
80 V 8 0 -6
80 V 9 0 -6
80 V 10 0 -6
80 V 11 0 -6
80 V 12 0 -6
80 V 13 0 -6
80 V 14 0 -6
80 V 15 0 -6
80 V 16 0 -6
80 V 17 0 -6
80 V 18 0 -6
80 V 19 0 -6
80 V 20 0 -6
80 V 21 0 -6
80 V 22 0 -6
80 V 23 0 -6
80 V 24 0 -6
80 V 25 0 -6
81 Q 16
81 V 1 0 -6
81 V 2 0 -6
81 V 3 0 -6
81 V 4 0 -6
81 V 5 0 -6
81 V 6 0 -6
81 V 7 0 -6
81 V 8 0 -6
81 V 9 0 -6
81 V 10 0 -6
81 V 11 0 -6
81 V 12 0 -6
81 V 13 0 -6
81 V 14 0 -6
81 V 15 0 -6
81 V 16 0 -6
81 V 17 0 -6
81 V 18 0 -6
81 V 19 0 -6
81 V 20 0 -6
81 V 21 0 -6
81 V 22 0 -6
81 V 23 0 -6
81 V 24 0 -6
81 V 25 0 -6
82 Q 16
82 V 1 0 -6
82 V 2 0 -6
82 V 3 0 -6
82 V 4 0 -6
82 V 5 0 -6
82 V 6 0 -6
82 V 7 0 -6
82 V 8 0 -6
82 V 9 0 -6
82 V 10 0 -6
82 V 11 0 -6
82 V 12 0 -6
82 V 13 0 -6
82 V 14 0 -6
82 V 15 0 -6
82 V 16 0 -6
82 V 17 0 -6
82 V 18 0 -6
82 V 19 0 -6
82 V 20 0 -6
82 V 21 0 -6
82 V 22 0 -6
82 V 23 0 -6
82 V 24 0 -6
82 V 25 0 -6
83 Q 16
83 V 1 0 -6
83 V 2 0 -6
83 V 3 0 -6
83 V 4 0 -6
83 V 5 0 -6
83 V 6 0 -6
83 V 7 0 -6
83 V 8 0 -6
83 V 9 0 -6
83 V 10 0 -6
83 V 11 0 -6
83 V 12 0 -6
83 V 13 0 -6
83 V 14 0 -6
83 V 15 0 -6
83 V 16 0 -6
83 V 17 0 -6
83 V 18 0 -6
83 V 19 0 -6
83 V 20 0 -6
83 V 21 0 -6
83 V 22 0 -6
83 V 23 0 -6
83 V 24 0 -6
83 V 25 0 -6
84 Q 17
84 V 1 0 -6
84 V 2 0 -6
84 V 3 0 -6
84 V 4 0 -6
84 V 5 0 -6
84 V 6 0 -6
84 V 7 0 -6
84 V 8 0 -6
84 V 9 0 -6
84 V 10 0 -6
84 V 11 0 -6
84 V 12 0 -6
84 V 13 0 -6
84 V 14 0 -6
84 V 15 0 -6
84 V 16 0 -6
84 V 17 0 -6
84 V 18 0 -6
84 V 19 0 -6
84 V 20 0 -6
84 V 21 0 -6
84 V 22 0 -6
84 V 23 0 -6
84 V 24 0 -6
84 V 25 0 -6
85 Q 18
85 V 1 0 -6
85 V 2 0 -6
85 V 3 0 -6
85 V 4 0 -6
85 V 5 0 -6
85 V 6 0 -6
85 V 7 0 -6
85 V 8 0 -6
85 V 9 0 -6
85 V 10 0 -6
85 V 11 0 -6
85 V 12 0 -6
85 V 13 0 -6
85 V 14 0 -6
85 V 15 0 -6
85 V 16 0 -6
85 V 17 0 -6
85 V 18 0 -6
85 V 19 0 -6
85 V 20 0 -6
85 V 21 0 -6
85 V 22 0 -6
85 V 23 0 -6
85 V 24 0 -6
85 V 25 0 -6
86 Q 18
86 T 713 1000
86 V 1 0 -6
86 V 2 0 -6
86 V 3 0 -6
86 V 4 0 -6
86 V 5 0 -6
86 V 6 0 -6
86 V 7 0 -6
86 V 8 0 -6
86 V 9 0 -6
86 V 10 0 -6
86 V 11 0 -6
86 V 12 0 -6
86 V 13 0 -6
86 V 14 0 -6
86 V 15 0 -6
86 V 16 0 -6
86 V 17 0 -6
86 V 18 0 -6
86 V 19 0 -6
86 V 20 0 -6
86 V 21 0 -6
86 V 22 0 -6
86 V 23 0 -6
86 V 24 0 -6
86 V 25 0 -6
87 Q 16
87 V 1 0 -6
87 V 2 0 -6
87 V 3 0 -6
87 V 4 0 -6
87 V 5 0 -6
87 V 6 0 -6
87 V 7 0 -6
87 V 8 0 -6
87 V 9 0 -6
87 V 10 0 -6
87 V 11 0 -6
87 V 12 0 -6
87 V 13 0 -6
87 V 14 0 -6
87 V 15 0 -6
87 V 16 0 -6
87 V 17 0 -6
87 V 18 0 -6
87 V 19 0 -6
87 V 20 0 -6
87 V 21 0 -6
87 V 22 0 -6
87 V 23 0 -6
87 V 24 0 -6
87 V 25 0 -6
88 Q 16
88 T 277 703
88 V 1 0 -6
88 V 2 0 -6
88 V 3 0 -6
88 V 4 0 -6
88 V 5 0 -6
88 V 6 0 -6
88 V 7 0 -6
88 V 8 0 -6
88 V 9 0 -6
88 V 10 0 -6
88 V 11 0 -6
88 V 12 0 -6
88 V 13 0 -6
88 V 14 0 -6
88 V 15 0 -6
88 V 16 0 -6
88 V 17 0 -6
88 V 18 0 -6
88 V 19 0 -6
88 V 20 0 -6
88 V 21 0 -6
88 V 22 0 -6
88 V 23 0 -6
88 V 24 0 -6
88 V 25 0 -6
89 Q 14
89 V 1 0 -6
89 V 2 0 -6
89 V 3 0 -6
89 V 4 0 -6
89 V 5 0 -6
89 V 6 0 -6
89 V 7 0 -6
89 V 8 0 -6
89 V 9 0 -6
89 V 10 0 -6
89 V 11 0 -6
89 V 12 0 -6
89 V 13 0 -6
89 V 14 0 -6
89 V 15 0 -6
89 V 16 0 -6
89 V 17 0 -6
89 V 18 0 -6
89 V 19 0 -6
89 V 20 0 -6
89 V 21 0 -6
89 V 22 0 -6
89 V 23 0 -6
89 V 24 0 -6
89 V 25 0 -6
90 Q 14
90 V 1 0 -6
90 V 2 0 -6
90 V 3 0 -6
90 V 4 0 -6
90 V 5 0 -6
90 V 6 0 -6
90 V 7 0 -6
90 V 8 0 -6
90 V 9 0 -6
90 V 10 0 -6
90 V 11 0 -6
90 V 12 0 -6
90 V 13 0 -6
90 V 14 0 -6
90 V 15 0 -6
90 V 16 0 -6
90 V 17 0 -6
90 V 18 0 -6
90 V 19 0 -6
90 V 20 0 -6
90 V 21 0 -6
90 V 22 0 -6
90 V 23 0 -6
90 V 24 0 -6
90 V 25 0 -6
91 Q 14
91 V 1 0 -6
91 V 2 0 -6
91 V 3 0 -6
91 V 4 0 -6
91 V 5 0 -6
91 V 6 0 -6
91 V 7 0 -6
91 V 8 0 -6
91 V 9 0 -6
91 V 10 0 -6
91 V 11 0 -6
91 V 12 0 -6
91 V 13 0 -6
91 V 14 0 -6
91 V 15 0 -6
91 V 16 0 -6
91 V 17 0 -6
91 V 18 0 -6
91 V 19 0 -6
91 V 20 0 -6
91 V 21 0 -6
91 V 22 0 -6
91 V 23 0 -6
91 V 24 0 -6
91 V 25 0 -6
92 Q 14
92 T 270
92 V 1 0 -6
92 V 2 0 -6
92 V 3 0 -6
92 V 4 0 -6
92 V 5 0 -6
92 V 6 0 -6
92 V 7 0 -6
92 V 8 0 -6
92 V 9 0 -6
92 V 10 0 -6
92 V 11 0 -6
92 V 12 0 -6
92 V 13 0 -6
92 V 14 0 -6
92 V 15 0 -6
92 V 16 0 -6
92 V 17 0 -6
92 V 18 0 -6
92 V 19 0 -6
92 V 20 0 -6
92 V 21 0 -6
92 V 22 0 -6
92 V 23 0 -6
92 V 24 0 -6
92 V 25 0 -6
93 Q 13
93 V 1 0 -6
93 V 2 0 -6
93 V 3 0 -6
93 V 4 0 -6
93 V 5 0 -6
93 V 6 0 -6
93 V 7 0 -6
93 V 8 0 -6
93 V 9 0 -6
93 V 10 0 -6
93 V 11 0 -6
93 V 12 0 -6
93 V 13 0 -6
93 V 14 0 -6
93 V 15 0 -6
93 V 16 0 -6
93 V 17 0 -6
93 V 18 0 -6
93 V 19 0 -6
93 V 20 0 -6
93 V 21 0 -6
93 V 22 0 -6
93 V 23 0 -6
93 V 24 0 -6
93 V 25 0 -6
94 Q 13
94 V 1 0 -6
94 V 2 0 -6
94 V 3 0 -6
94 V 4 0 -6
94 V 5 0 -6
94 V 6 0 -6
94 V 7 0 -6
94 V 8 0 -6
94 V 9 0 -6
94 V 10 0 -6
94 V 11 0 -6
94 V 12 0 -6
94 V 13 0 -6
94 V 14 0 -6
94 V 15 0 -6
94 V 16 0 -6
94 V 17 0 -6
94 V 18 0 -6
94 V 19 0 -6
94 V 20 0 -6
94 V 21 0 -6
94 V 22 0 -6
94 V 23 0 -6
94 V 24 0 -6
94 V 25 0 -6
95 Q 13
95 V 1 0 -6
95 V 2 0 -6
95 V 3 0 -6
95 V 4 0 -6
95 V 5 0 -6
95 V 6 0 -6
95 V 7 0 -6
95 V 8 0 -6
95 V 9 0 -6
95 V 10 0 -6
95 V 11 0 -6
95 V 12 0 -6
95 V 13 0 -6
95 V 14 0 -6
95 V 15 0 -6
95 V 16 0 -6
95 V 17 0 -6
95 V 18 0 -6
95 V 19 0 -6
95 V 20 0 -6
95 V 21 0 -6
95 V 22 0 -6
95 V 23 0 -6
95 V 24 0 -6
95 V 25 0 -6
96 Q 13
96 V 1 0 -6
96 V 2 0 -6
96 V 3 0 -6
96 V 4 0 -6
96 V 5 0 -6
96 V 6 0 -6
96 V 7 0 -6
96 V 8 0 -6
96 V 9 0 -6
96 V 10 0 -6
96 V 11 0 -6
96 V 12 0 -6
96 V 13 0 -6
96 V 14 0 -6
96 V 15 0 -6
96 V 16 0 -6
96 V 17 0 -6
96 V 18 0 -6
96 V 19 0 -6
96 V 20 0 -6
96 V 21 0 -6
96 V 22 0 -6
96 V 23 0 -6
96 V 24 0 -6
96 V 25 0 -6
97 Q 13
97 T 990
97 V 1 0 -6
97 V 2 0 -6
97 V 3 0 -6
97 V 4 0 -6
97 V 5 0 -6
97 V 6 0 -6
97 V 7 0 -6
97 V 8 0 -6
97 V 9 0 -6
97 V 10 0 -6
97 V 11 0 -6
97 V 12 0 -6
97 V 13 0 -6
97 V 14 0 -6
97 V 15 0 -6
97 V 16 0 -6
97 V 17 0 -6
97 V 18 0 -6
97 V 19 0 -6
97 V 20 0 -6
97 V 21 0 -6
97 V 22 0 -6
97 V 23 0 -6
97 V 24 0 -6
97 V 25 0 -6
98 Q 12
98 V 1 0 -6
98 V 2 0 -6
98 V 3 0 -6
98 V 4 0 -6
98 V 5 0 -6
98 V 6 0 -6
98 V 7 0 -6
98 V 8 0 -6
98 V 9 0 -6
98 V 10 0 -6
98 V 11 0 -6
98 V 12 0 -6
98 V 13 0 -6
98 V 14 0 -6
98 V 15 0 -6
98 V 16 0 -6
98 V 17 0 -6
98 V 18 0 -6
98 V 19 0 -6
98 V 20 0 -6
98 V 21 0 -6
98 V 22 0 -6
98 V 23 0 -6
98 V 24 0 -6
98 V 25 0 -6
99 Q 12
99 V 1 0 -6
99 V 2 0 -6
99 V 3 0 -6
99 V 4 0 -6
99 V 5 0 -6
99 V 6 0 -6
99 V 7 0 -6
99 V 8 0 -6
99 V 9 0 -6
99 V 10 0 -6
99 V 11 0 -6
99 V 12 0 -6
99 V 13 0 -6
99 V 14 0 -6
99 V 15 0 -6
99 V 16 0 -6
99 V 17 0 -6
99 V 18 0 -6
99 V 19 0 -6
99 V 20 0 -6
99 V 21 0 -6
99 V 22 0 -6
99 V 23 0 -6
99 V 24 0 -6
99 V 25 0 -6
100 Q 13
100 V 1 0 -6
100 V 2 0 -6
100 V 3 0 -6
100 V 4 0 -6
100 V 5 0 -6
100 V 6 0 -6
100 V 7 0 -6
100 V 8 0 -6
100 V 9 0 -6
100 V 10 0 -6
100 V 11 0 -6
100 V 12 0 -6
100 V 13 0 -6
100 V 14 0 -6
100 V 15 0 -6
100 V 16 0 -6
100 V 17 0 -6
100 V 18 0 -6
100 V 19 0 -6
100 V 20 0 -6
100 V 21 0 -6
100 V 22 0 -6
100 V 23 0 -6
100 V 24 0 -6
100 V 25 0 -6
101 Q 13
101 V 1 0 -6
101 V 2 0 -6
101 V 3 0 -6
101 V 4 0 -6
101 V 5 0 -6
101 V 6 0 -6
101 V 7 0 -6
101 V 8 0 -6
101 V 9 0 -6
101 V 10 0 -6
101 V 11 0 -6
101 V 12 0 -6
101 V 13 0 -6
101 V 14 0 -6
101 V 15 0 -6
101 V 16 0 -6
101 V 17 0 -6
101 V 18 0 -6
101 V 19 0 -6
101 V 20 0 -6
101 V 21 0 -6
101 V 22 0 -6
101 V 23 0 -6
101 V 24 0 -6
101 V 25 0 -6
102 Q 13
102 V 1 0 -6
102 V 2 0 -6
102 V 3 0 -6
102 V 4 0 -6
102 V 5 0 -6
102 V 6 0 -6
102 V 7 0 -6
102 V 8 0 -6
102 V 9 0 -6
102 V 10 0 -6
102 V 11 0 -6
102 V 12 0 -6
102 V 13 0 -6
102 V 14 0 -6
102 V 15 0 -6
102 V 16 0 -6
102 V 17 0 -6
102 V 18 0 -6
102 V 19 0 -6
102 V 20 0 -6
102 V 21 0 -6
102 V 22 0 -6
102 V 23 0 -6
102 V 24 0 -6
102 V 25 0 -6
103 Q 13
103 T 532 874
103 V 1 0 -6
103 V 2 0 -6
103 V 3 0 -6
103 V 4 0 -6
103 V 5 0 -6
103 V 6 0 -6
103 V 7 0 -6
103 V 8 0 -6
103 V 9 0 -6
103 V 10 0 -6
103 V 11 0 -6
103 V 12 0 -6
103 V 13 0 -6
103 V 14 0 -6
103 V 15 0 -6
103 V 16 0 -6
103 V 17 0 -6
103 V 18 0 -6
103 V 19 0 -6
103 V 20 0 -6
103 V 21 0 -6
103 V 22 0 -6
103 V 23 0 -6
103 V 24 0 -6
103 V 25 0 -6
104 Q 11
104 V 1 0 -6
104 V 2 0 -6
104 V 3 0 -6
104 V 4 0 -6
104 V 5 0 -6
104 V 6 0 -6
104 V 7 0 -6
104 V 8 0 -6
104 V 9 0 -6
104 V 10 0 -6
104 V 11 0 -6
104 V 12 0 -6
104 V 13 0 -6
104 V 14 0 -6
104 V 15 0 -6
104 V 16 0 -6
104 V 17 0 -6
104 V 18 0 -6
104 V 19 0 -6
104 V 20 0 -6
104 V 21 0 -6
104 V 22 0 -6
104 V 23 0 -6
104 V 24 0 -6
104 V 25 0 -6
105 Q 11
105 V 1 0 -6
105 V 2 0 -6
105 V 3 0 -6
105 V 4 0 -6
105 V 5 0 -6
105 V 6 0 -6
105 V 7 0 -6
105 V 8 0 -6
105 V 9 0 -6
105 V 10 0 -6
105 V 11 0 -6
105 V 12 0 -6
105 V 13 0 -6
105 V 14 0 -6
105 V 15 0 -6
105 V 16 0 -6
105 V 17 0 -6
105 V 18 0 -6
105 V 19 0 -6
105 V 20 0 -6
105 V 21 0 -6
105 V 22 0 -6
105 V 23 0 -6
105 V 24 0 -6
105 V 25 0 -6
106 Q 11
106 T 720
106 V 1 0 -6
106 V 2 0 -6
106 V 3 0 -6
106 V 4 0 -6
106 V 5 0 -6
106 V 6 0 -6
106 V 7 0 -6
106 V 8 0 -6
106 V 9 0 -6
106 V 10 0 -6
106 V 11 0 -6
106 V 12 0 -6
106 V 13 0 -6
106 V 14 0 -6
106 V 15 0 -6
106 V 16 0 -6
106 V 17 0 -6
106 V 18 0 -6
106 V 19 0 -6
106 V 20 0 -6
106 V 21 0 -6
106 V 22 0 -6
106 V 23 0 -6
106 V 24 0 -6
106 V 25 0 -6
107 Q 10
107 V 1 0 -6
107 V 2 0 -6
107 V 3 0 -6
107 V 4 0 -6
107 V 5 0 -6
107 V 6 0 -6
107 V 7 0 -6
107 V 8 0 -6
107 V 9 0 -6
107 V 10 0 -6
107 V 11 0 -6
107 V 12 0 -6
107 V 13 0 -6
107 V 14 0 -6
107 V 15 0 -6
107 V 16 0 -6
107 V 17 0 -6
107 V 18 0 -6
107 V 19 0 -6
107 V 20 0 -6
107 V 21 0 -6
107 V 22 0 -6
107 V 23 0 -6
107 V 24 0 -6
107 V 25 0 -6
108 Q 11
108 V 1 0 -6
108 V 2 0 -6
108 V 3 0 -6
108 V 4 0 -6
108 V 5 0 -6
108 V 6 0 -6
108 V 7 0 -6
108 V 8 0 -6
108 V 9 0 -6
108 V 10 0 -6
108 V 11 0 -6
108 V 12 0 -6
108 V 13 0 -6
108 V 14 0 -6
108 V 15 0 -6
108 V 16 0 -6
108 V 17 0 -6
108 V 18 0 -6
108 V 19 0 -6
108 V 20 0 -6
108 V 21 0 -6
108 V 22 0 -6
108 V 23 0 -6
108 V 24 0 -6
108 V 25 0 -6
109 Q 11
109 V 1 0 -6
109 V 2 0 -6
109 V 3 0 -6
109 V 4 0 -6
109 V 5 0 -6
109 V 6 0 -6
109 V 7 0 -6
109 V 8 0 -6
109 V 9 0 -6
109 V 10 0 -6
109 V 11 0 -6
109 V 12 0 -6
109 V 13 0 -6
109 V 14 0 -6
109 V 15 0 -6
109 V 16 0 -6
109 V 17 0 -6
109 V 18 0 -6
109 V 19 0 -6
109 V 20 0 -6
109 V 21 0 -6
109 V 22 0 -6
109 V 23 0 -6
109 V 24 0 -6
109 V 25 0 -6
110 Q 11
110 T 724
110 V 1 0 -6
110 V 2 0 -6
110 V 3 0 -6
110 V 4 0 -6
110 V 5 0 -6
110 V 6 0 -6
110 V 7 0 -6
110 V 8 0 -6
110 V 9 0 -6
110 V 10 0 -6
110 V 11 0 -6
110 V 12 0 -6
110 V 13 0 -6
110 V 14 0 -6
110 V 15 0 -6
110 V 16 0 -6
110 V 17 0 -6
110 V 18 0 -6
110 V 19 0 -6
110 V 20 0 -6
110 V 21 0 -6
110 V 22 0 -6
110 V 23 0 -6
110 V 24 0 -6
110 V 25 0 -6
111 Q 10
111 V 1 0 -6
111 V 2 0 -6
111 V 3 0 -6
111 V 4 0 -6
111 V 5 0 -6
111 V 6 0 -6
111 V 7 0 -6
111 V 8 0 -6
111 V 9 0 -6
111 V 10 0 -6
111 V 11 0 -6
111 V 12 0 -6
111 V 13 0 -6
111 V 14 0 -6
111 V 15 0 -6
111 V 16 0 -6
111 V 17 0 -6
111 V 18 0 -6
111 V 19 0 -6
111 V 20 0 -6
111 V 21 0 -6
111 V 22 0 -6
111 V 23 0 -6
111 V 24 0 -6
111 V 25 0 -6
112 Q 10
112 V 1 0 -6
112 V 2 0 -6
112 V 3 0 -6
112 V 4 0 -6
112 V 5 0 -6
112 V 6 0 -6
112 V 7 0 -6
112 V 8 0 -6
112 V 9 0 -6
112 V 10 0 -6
112 V 11 0 -6
112 V 12 0 -6
112 V 13 0 -6
112 V 14 0 -6
112 V 15 0 -6
112 V 16 0 -6
112 V 17 0 -6
112 V 18 0 -6
112 V 19 0 -6
112 V 20 0 -6
112 V 21 0 -6
112 V 22 0 -6
112 V 23 0 -6
112 V 24 0 -6
112 V 25 0 -6
113 Q 10
113 V 1 0 -6
113 V 2 0 -6
113 V 3 0 -6
113 V 4 0 -6
113 V 5 0 -6
113 V 6 0 -6
113 V 7 0 -6
113 V 8 0 -6
113 V 9 0 -6
113 V 10 0 -6
113 V 11 0 -6
113 V 12 0 -6
113 V 13 0 -6
113 V 14 0 -6
113 V 15 0 -6
113 V 16 0 -6
113 V 17 0 -6
113 V 18 0 -6
113 V 19 0 -6
113 V 20 0 -6
113 V 21 0 -6
113 V 22 0 -6
113 V 23 0 -6
113 V 24 0 -6
113 V 25 0 -6
114 Q 10
114 V 1 0 -6
114 V 2 0 -6
114 V 3 0 -6
114 V 4 0 -6
114 V 5 0 -6
114 V 6 0 -6
114 V 7 0 -6
114 V 8 0 -6
114 V 9 0 -6
114 V 10 0 -6
114 V 11 0 -6
114 V 12 0 -6
114 V 13 0 -6
114 V 14 0 -6
114 V 15 0 -6
114 V 16 0 -6
114 V 17 0 -6
114 V 18 0 -6
114 V 19 0 -6
114 V 20 0 -6
114 V 21 0 -6
114 V 22 0 -6
114 V 23 0 -6
114 V 24 0 -6
114 V 25 0 -6
115 Q 10
115 V 1 0 -6
115 V 2 0 -6
115 V 3 0 -6
115 V 4 0 -6
115 V 5 0 -6
115 V 6 0 -6
115 V 7 0 -6
115 V 8 0 -6
115 V 9 0 -6
115 V 10 0 -6
115 V 11 0 -6
115 V 12 0 -6
115 V 13 0 -6
115 V 14 0 -6
115 V 15 0 -6
115 V 16 0 -6
115 V 17 0 -6
115 V 18 0 -6
115 V 19 0 -6
115 V 20 0 -6
115 V 21 0 -6
115 V 22 0 -6
115 V 23 0 -6
115 V 24 0 -6
115 V 25 0 -6
116 Q 12
116 T 868
116 V 1 0 -6
116 V 2 0 -6
116 V 3 0 -6
116 V 4 0 -6
116 V 5 0 -6
116 V 6 0 -6
116 V 7 0 -6
116 V 8 0 -6
116 V 9 0 -6
116 V 10 0 -6
116 V 11 0 -6
116 V 12 0 -6
116 V 13 0 -6
116 V 14 0 -6
116 V 15 0 -6
116 V 16 0 -6
116 V 17 0 -6
116 V 18 0 -6
116 V 19 0 -6
116 V 20 0 -6
116 V 21 0 -6
116 V 22 0 -6
116 V 23 0 -6
116 V 24 0 -6
116 V 25 0 -6
117 Q 12
117 V 1 0 -6
117 V 2 0 -6
117 V 3 0 -6
117 V 4 0 -6
117 V 5 0 -6
117 V 6 0 -6
117 V 7 0 -6
117 V 8 0 -6
117 V 9 0 -6
117 V 10 0 -6
117 V 11 0 -6
117 V 12 0 -6
117 V 13 0 -6
117 V 14 0 -6
117 V 15 0 -6
117 V 16 0 -6
117 V 17 0 -6
117 V 18 0 -6
117 V 19 0 -6
117 V 20 0 -6
117 V 21 0 -6
117 V 22 0 -6
117 V 23 0 -6
117 V 24 0 -6
117 V 25 0 -6
118 Q 14
118 V 1 0 -6
118 V 2 0 -6
118 V 3 0 -6
118 V 4 0 -6
118 V 5 0 -6
118 V 6 0 -6
118 V 7 0 -6
118 V 8 0 -6
118 V 9 0 -6
118 V 10 0 -6
118 V 11 0 -6
118 V 12 0 -6
118 V 13 0 -6
118 V 14 0 -6
118 V 15 0 -6
118 V 16 0 -6
118 V 17 0 -6
118 V 18 0 -6
118 V 19 0 -6
118 V 20 0 -6
118 V 21 0 -6
118 V 22 0 -6
118 V 23 0 -6
118 V 24 0 -6
118 V 25 0 -6
119 Q 14
119 V 1 0 -6
119 V 2 0 -6
119 V 3 0 -6
119 V 4 0 -6
119 V 5 0 -6
119 V 6 0 -6
119 V 7 0 -6
119 V 8 0 -6
119 V 9 0 -6
119 V 10 0 -6
119 V 11 0 -6
119 V 12 0 -6
119 V 13 0 -6
119 V 14 0 -6
119 V 15 0 -6
119 V 16 0 -6
119 V 17 0 -6
119 V 18 0 -6
119 V 19 0 -6
119 V 20 0 -6
119 V 21 0 -6
119 V 22 0 -6
119 V 23 0 -6
119 V 24 0 -6
119 V 25 0 -6
120 Q 15
120 V 1 0 -6
120 V 2 0 -6
120 V 3 0 -6
120 V 4 0 -6
120 V 5 0 -6
120 V 6 0 -6
120 V 7 0 -6
120 V 8 0 -6
120 V 9 0 -6
120 V 10 0 -6
120 V 11 0 -6
120 V 12 0 -6
120 V 13 0 -6
120 V 14 0 -6
120 V 15 0 -6
120 V 16 0 -6
120 V 17 0 -6
120 V 18 0 -6
120 V 19 0 -6
120 V 20 0 -6
120 V 21 0 -6
120 V 22 0 -6
120 V 23 0 -6
120 V 24 0 -6
120 V 25 0 -6
121 Q 15
121 V 1 0 -6
121 V 2 0 -6
121 V 3 0 -6
121 V 4 0 -6
121 V 5 0 -6
121 V 6 0 -6
121 V 7 0 -6
121 V 8 0 -6
121 V 9 0 -6
121 V 10 0 -6
121 V 11 0 -6
121 V 12 0 -6
121 V 13 0 -6
121 V 14 0 -6
121 V 15 0 -6
121 V 16 0 -6
121 V 17 0 -6
121 V 18 0 -6
121 V 19 0 -6
121 V 20 0 -6
121 V 21 0 -6
121 V 22 0 -6
121 V 23 0 -6
121 V 24 0 -6
121 V 25 0 -6
122 Q 15
122 V 1 0 -6
122 V 2 0 -6
122 V 3 0 -6
122 V 4 0 -6
122 V 5 0 -6
122 V 6 0 -6
122 V 7 0 -6
122 V 8 0 -6
122 V 9 0 -6
122 V 10 0 -6
122 V 11 0 -6
122 V 12 0 -6
122 V 13 0 -6
122 V 14 0 -6
122 V 15 0 -6
122 V 16 0 -6
122 V 17 0 -6
122 V 18 0 -6
122 V 19 0 -6
122 V 20 0 -6
122 V 21 0 -6
122 V 22 0 -6
122 V 23 0 -6
122 V 24 0 -6
122 V 25 0 -6
123 Q 15
123 T 931
123 V 1 0 -6
123 V 2 0 -6
123 V 3 0 -6
123 V 4 0 -6
123 V 5 0 -6
123 V 6 0 -6
123 V 7 0 -6
123 V 8 0 -6
123 V 9 0 -6
123 V 10 0 -6
123 V 11 0 -6
123 V 12 0 -6
123 V 13 0 -6
123 V 14 0 -6
123 V 15 0 -6
123 V 16 0 -6
123 V 17 0 -6
123 V 18 0 -6
123 V 19 0 -6
123 V 20 0 -6
123 V 21 0 -6
123 V 22 0 -6
123 V 23 0 -6
123 V 24 0 -6
123 V 25 0 -6
124 Q 14
124 V 1 0 -6
124 V 2 0 -6
124 V 3 0 -6
124 V 4 0 -6
124 V 5 0 -6
124 V 6 0 -6
124 V 7 0 -6
124 V 8 0 -6
124 V 9 0 -6
124 V 10 0 -6
124 V 11 0 -6
124 V 12 0 -6
124 V 13 0 -6
124 V 14 0 -6
124 V 15 0 -6
124 V 16 0 -6
124 V 17 0 -6
124 V 18 0 -6
124 V 19 0 -6
124 V 20 0 -6
124 V 21 0 -6
124 V 22 0 -6
124 V 23 0 -6
124 V 24 0 -6
124 V 25 0 -6
125 Q 14
125 T 556 615
125 V 1 0 -6
125 V 2 0 -6
125 V 3 0 -6
125 V 4 0 -6
125 V 5 0 -6
125 V 6 0 -6
125 V 7 0 -6
125 V 8 0 -6
125 V 9 0 -6
125 V 10 0 -6
125 V 11 0 -6
125 V 12 0 -6
125 V 13 0 -6
125 V 14 0 -6
125 V 15 0 -6
125 V 16 0 -6
125 V 17 0 -6
125 V 18 0 -6
125 V 19 0 -6
125 V 20 0 -6
125 V 21 0 -6
125 V 22 0 -6
125 V 23 0 -6
125 V 24 0 -6
125 V 25 0 -6
126 Q 13
126 V 1 0 -6
126 V 2 0 -6
126 V 3 0 -6
126 V 4 0 -6
126 V 5 0 -6
126 V 6 0 -6
126 V 7 0 -6
126 V 8 0 -6
126 V 9 0 -6
126 V 10 0 -6
126 V 11 0 -6
126 V 12 0 -6
126 V 13 0 -6
126 V 14 0 -6
126 V 15 0 -6
126 V 16 0 -6
126 V 17 0 -6
126 V 18 0 -6
126 V 19 0 -6
126 V 20 0 -6
126 V 21 0 -6
126 V 22 0 -6
126 V 23 0 -6
126 V 24 0 -6
126 V 25 0 -6
127 Q 13
127 T 38
127 V 1 0 -6
127 V 2 0 -6
127 V 3 0 -6
127 V 4 0 -6
127 V 5 0 -6
127 V 6 0 -6
127 V 7 0 -6
127 V 8 0 -6
127 V 9 0 -6
127 V 10 0 -6
127 V 11 0 -6
127 V 12 0 -6
127 V 13 0 -6
127 V 14 0 -6
127 V 15 0 -6
127 V 16 0 -6
127 V 17 0 -6
127 V 18 0 -6
127 V 19 0 -6
127 V 20 0 -6
127 V 21 0 -6
127 V 22 0 -6
127 V 23 0 -6
127 V 24 0 -6
127 V 25 0 -6
128 Q 13
128 V 1 0 -6
128 V 2 0 -6
128 V 3 0 -6
128 V 4 0 -6
128 V 5 0 -6
128 V 6 0 -6
128 V 7 0 -6
128 V 8 0 -6
128 V 9 0 -6
128 V 10 0 -6
128 V 11 0 -6
128 V 12 0 -6
128 V 13 0 -6
128 V 14 0 -6
128 V 15 0 -6
128 V 16 0 -6
128 V 17 0 -6
128 V 18 0 -6
128 V 19 0 -6
128 V 20 0 -6
128 V 21 0 -6
128 V 22 0 -6
128 V 23 0 -6
128 V 24 0 -6
128 V 25 0 -6
129 Q 13
129 V 1 0 -6
129 V 2 0 -6
129 V 3 0 -6
129 V 4 0 -6
129 V 5 0 -6
129 V 6 0 -6
129 V 7 0 -6
129 V 8 0 -6
129 V 9 0 -6
129 V 10 0 -6
129 V 11 0 -6
129 V 12 0 -6
129 V 13 0 -6
129 V 14 0 -6
129 V 15 0 -6
129 V 16 0 -6
129 V 17 0 -6
129 V 18 0 -6
129 V 19 0 -6
129 V 20 0 -6
129 V 21 0 -6
129 V 22 0 -6
129 V 23 0 -6
129 V 24 0 -6
129 V 25 0 -6
130 Q 13
130 V 1 0 -6
130 V 2 0 -6
130 V 3 0 -6
130 V 4 0 -6
130 V 5 0 -6
130 V 6 0 -6
130 V 7 0 -6
130 V 8 0 -6
130 V 9 0 -6
130 V 10 0 -6
130 V 11 0 -6
130 V 12 0 -6
130 V 13 0 -6
130 V 14 0 -6
130 V 15 0 -6
130 V 16 0 -6
130 V 17 0 -6
130 V 18 0 -6
130 V 19 0 -6
130 V 20 0 -6
130 V 21 0 -6
130 V 22 0 -6
130 V 23 0 -6
130 V 24 0 -6
130 V 25 0 -6
131 Q 14
131 T 555
131 V 1 0 -6
131 V 2 0 -6
131 V 3 0 -6
131 V 4 0 -6
131 V 5 0 -6
131 V 6 0 -6
131 V 7 0 -6
131 V 8 0 -6
131 V 9 0 -6
131 V 10 0 -6
131 V 11 0 -6
131 V 12 0 -6
131 V 13 0 -6
131 V 14 0 -6
131 V 15 0 -6
131 V 16 0 -6
131 V 17 0 -6
131 V 18 0 -6
131 V 19 0 -6
131 V 20 0 -6
131 V 21 0 -6
131 V 22 0 -6
131 V 23 0 -6
131 V 24 0 -6
131 V 25 0 -6
132 Q 13
132 V 1 0 -6
132 V 2 0 -6
132 V 3 0 -6
132 V 4 0 -6
132 V 5 0 -6
132 V 6 0 -6
132 V 7 0 -6
132 V 8 0 -6
132 V 9 0 -6
132 V 10 0 -6
132 V 11 0 -6
132 V 12 0 -6
132 V 13 0 -6
132 V 14 0 -6
132 V 15 0 -6
132 V 16 0 -6
132 V 17 0 -6
132 V 18 0 -6
132 V 19 0 -6
132 V 20 0 -6
132 V 21 0 -6
132 V 22 0 -6
132 V 23 0 -6
132 V 24 0 -6
132 V 25 0 -6
133 Q 13
133 V 1 0 -6
133 V 2 0 -6
133 V 3 0 -6
133 V 4 0 -6
133 V 5 0 -6
133 V 6 0 -6
133 V 7 0 -6
133 V 8 0 -6
133 V 9 0 -6
133 V 10 0 -6
133 V 11 0 -6
133 V 12 0 -6
133 V 13 0 -6
133 V 14 0 -6
133 V 15 0 -6
133 V 16 0 -6
133 V 17 0 -6
133 V 18 0 -6
133 V 19 0 -6
133 V 20 0 -6
133 V 21 0 -6
133 V 22 0 -6
133 V 23 0 -6
133 V 24 0 -6
133 V 25 0 -6
134 Q 14
134 V 1 0 -6
134 V 2 0 -6
134 V 3 0 -6
134 V 4 0 -6
134 V 5 0 -6
134 V 6 0 -6
134 V 7 0 -6
134 V 8 0 -6
134 V 9 0 -6
134 V 10 0 -6
134 V 11 0 -6
134 V 12 0 -6
134 V 13 0 -6
134 V 14 0 -6
134 V 15 0 -6
134 V 16 0 -6
134 V 17 0 -6
134 V 18 0 -6
134 V 19 0 -6
134 V 20 0 -6
134 V 21 0 -6
134 V 22 0 -6
134 V 23 0 -6
134 V 24 0 -6
134 V 25 0 -6
135 Q 14
135 V 1 0 -6
135 V 2 0 -6
135 V 3 0 -6
135 V 4 0 -6
135 V 5 0 -6
135 V 6 0 -6
135 V 7 0 -6
135 V 8 0 -6
135 V 9 0 -6
135 V 10 0 -6
135 V 11 0 -6
135 V 12 0 -6
135 V 13 0 -6
135 V 14 0 -6
135 V 15 0 -6
135 V 16 0 -6
135 V 17 0 -6
135 V 18 0 -6
135 V 19 0 -6
135 V 20 0 -6
135 V 21 0 -6
135 V 22 0 -6
135 V 23 0 -6
135 V 24 0 -6
135 V 25 0 -6
136 Q 14
136 V 1 0 -6
136 V 2 0 -6
136 V 3 0 -6
136 V 4 0 -6
136 V 5 0 -6
136 V 6 0 -6
136 V 7 0 -6
136 V 8 0 -6
136 V 9 0 -6
136 V 10 0 -6
136 V 11 0 -6
136 V 12 0 -6
136 V 13 0 -6
136 V 14 0 -6
136 V 15 0 -6
136 V 16 0 -6
136 V 17 0 -6
136 V 18 0 -6
136 V 19 0 -6
136 V 20 0 -6
136 V 21 0 -6
136 V 22 0 -6
136 V 23 0 -6
136 V 24 0 -6
136 V 25 0 -6
137 Q 15
137 V 1 0 -6
137 V 2 0 -6
137 V 3 0 -6
137 V 4 0 -6
137 V 5 0 -6
137 V 6 0 -6
137 V 7 0 -6
137 V 8 0 -6
137 V 9 0 -6
137 V 10 0 -6
137 V 11 0 -6
137 V 12 0 -6
137 V 13 0 -6
137 V 14 0 -6
137 V 15 0 -6
137 V 16 0 -6
137 V 17 0 -6
137 V 18 0 -6
137 V 19 0 -6
137 V 20 0 -6
137 V 21 0 -6
137 V 22 0 -6
137 V 23 0 -6
137 V 24 0 -6
137 V 25 0 -6
138 Q 15
138 V 1 0 -6
138 V 2 0 -6
138 V 3 0 -6
138 V 4 0 -6
138 V 5 0 -6
138 V 6 0 -6
138 V 7 0 -6
138 V 8 0 -6
138 V 9 0 -6
138 V 10 0 -6
138 V 11 0 -6
138 V 12 0 -6
138 V 13 0 -6
138 V 14 0 -6
138 V 15 0 -6
138 V 16 0 -6
138 V 17 0 -6
138 V 18 0 -6
138 V 19 0 -6
138 V 20 0 -6
138 V 21 0 -6
138 V 22 0 -6
138 V 23 0 -6
138 V 24 0 -6
138 V 25 0 -6
139 Q 15
139 V 1 0 -6
139 V 2 0 -6
139 V 3 0 -6
139 V 4 0 -6
139 V 5 0 -6
139 V 6 0 -6
139 V 7 0 -6
139 V 8 0 -6
139 V 9 0 -6
139 V 10 0 -6
139 V 11 0 -6
139 V 12 0 -6
139 V 13 0 -6
139 V 14 0 -6
139 V 15 0 -6
139 V 16 0 -6
139 V 17 0 -6
139 V 18 0 -6
139 V 19 0 -6
139 V 20 0 -6
139 V 21 0 -6
139 V 22 0 -6
139 V 23 0 -6
139 V 24 0 -6
139 V 25 0 -6
140 Q 15
140 V 1 0 -6
140 V 2 0 -6
140 V 3 0 -6
140 V 4 0 -6
140 V 5 0 -6
140 V 6 0 -6
140 V 7 0 -6
140 V 8 0 -6
140 V 9 0 -6
140 V 10 0 -6
140 V 11 0 -6
140 V 12 0 -6
140 V 13 0 -6
140 V 14 0 -6
140 V 15 0 -6
140 V 16 0 -6
140 V 17 0 -6
140 V 18 0 -6
140 V 19 0 -6
140 V 20 0 -6
140 V 21 0 -6
140 V 22 0 -6
140 V 23 0 -6
140 V 24 0 -6
140 V 25 0 -6
141 Q 15
141 V 1 0 -6
141 V 2 0 -6
141 V 3 0 -6
141 V 4 0 -6
141 V 5 0 -6
141 V 6 0 -6
141 V 7 0 -6
141 V 8 0 -6
141 V 9 0 -6
141 V 10 0 -6
141 V 11 0 -6
141 V 12 0 -6
141 V 13 0 -6
141 V 14 0 -6
141 V 15 0 -6
141 V 16 0 -6
141 V 17 0 -6
141 V 18 0 -6
141 V 19 0 -6
141 V 20 0 -6
141 V 21 0 -6
141 V 22 0 -6
141 V 23 0 -6
141 V 24 0 -6
141 V 25 0 -6
142 Q 15
142 V 1 0 -6
142 V 2 0 -6
142 V 3 0 -6
142 V 4 0 -6
142 V 5 0 -6
142 V 6 0 -6
142 V 7 0 -6
142 V 8 0 -6
142 V 9 0 -6
142 V 10 0 -6
142 V 11 0 -6
142 V 12 0 -6
142 V 13 0 -6
142 V 14 0 -6
142 V 15 0 -6
142 V 16 0 -6
142 V 17 0 -6
142 V 18 0 -6
142 V 19 0 -6
142 V 20 0 -6
142 V 21 0 -6
142 V 22 0 -6
142 V 23 0 -6
142 V 24 0 -6
142 V 25 0 -6
143 Q 15
143 V 1 0 -6
143 V 2 0 -6
143 V 3 0 -6
143 V 4 0 -6
143 V 5 0 -6
143 V 6 0 -6
143 V 7 0 -6
143 V 8 0 -6
143 V 9 0 -6
143 V 10 0 -6
143 V 11 0 -6
143 V 12 0 -6
143 V 13 0 -6
143 V 14 0 -6
143 V 15 0 -6
143 V 16 0 -6
143 V 17 0 -6
143 V 18 0 -6
143 V 19 0 -6
143 V 20 0 -6
143 V 21 0 -6
143 V 22 0 -6
143 V 23 0 -6
143 V 24 0 -6
143 V 25 0 -6
144 Q 15
144 V 1 0 -6
144 V 2 0 -6
144 V 3 0 -6
144 V 4 0 -6
144 V 5 0 -6
144 V 6 0 -6
144 V 7 0 -6
144 V 8 0 -6
144 V 9 0 -6
144 V 10 0 -6
144 V 11 0 -6
144 V 12 0 -6
144 V 13 0 -6
144 V 14 0 -6
144 V 15 0 -6
144 V 16 0 -6
144 V 17 0 -6
144 V 18 0 -6
144 V 19 0 -6
144 V 20 0 -6
144 V 21 0 -6
144 V 22 0 -6
144 V 23 0 -6
144 V 24 0 -6
144 V 25 0 -6
145 Q 15
145 T 31
145 V 1 0 -6
145 V 2 0 -6
145 V 3 0 -6
145 V 4 0 -6
145 V 5 0 -6
145 V 6 0 -6
145 V 7 0 -6
145 V 8 0 -6
145 V 9 0 -6
145 V 10 0 -6
145 V 11 0 -6
145 V 12 0 -6
145 V 13 0 -6
145 V 14 0 -6
145 V 15 0 -6
145 V 16 0 -6
145 V 17 0 -6
145 V 18 0 -6
145 V 19 0 -6
145 V 20 0 -6
145 V 21 0 -6
145 V 22 0 -6
145 V 23 0 -6
145 V 24 0 -6
145 V 25 0 -6
146 Q 14
146 T 318
146 V 1 0 -6
146 V 2 0 -6
146 V 3 0 -6
146 V 4 0 -6
146 V 5 0 -6
146 V 6 0 -6
146 V 7 0 -6
146 V 8 0 -6
146 V 9 0 -6
146 V 10 0 -6
146 V 11 0 -6
146 V 12 0 -6
146 V 13 0 -6
146 V 14 0 -6
146 V 15 0 -6
146 V 16 0 -6
146 V 17 0 -6
146 V 18 0 -6
146 V 19 0 -6
146 V 20 0 -6
146 V 21 0 -6
146 V 22 0 -6
146 V 23 0 -6
146 V 24 0 -6
146 V 25 0 -6
147 Q 14
147 V 1 0 -6
147 V 2 0 -6
147 V 3 0 -6
147 V 4 0 -6
147 V 5 0 -6
147 V 6 0 -6
147 V 7 0 -6
147 V 8 0 -6
147 V 9 0 -6
147 V 10 0 -6
147 V 11 0 -6
147 V 12 0 -6
147 V 13 0 -6
147 V 14 0 -6
147 V 15 0 -6
147 V 16 0 -6
147 V 17 0 -6
147 V 18 0 -6
147 V 19 0 -6
147 V 20 0 -6
147 V 21 0 -6
147 V 22 0 -6
147 V 23 0 -6
147 V 24 0 -6
147 V 25 0 -6
148 Q 14
148 V 1 0 -6
148 V 2 0 -6
148 V 3 0 -6
148 V 4 0 -6
148 V 5 0 -6
148 V 6 0 -6
148 V 7 0 -6
148 V 8 0 -6
148 V 9 0 -6
148 V 10 0 -6
148 V 11 0 -6
148 V 12 0 -6
148 V 13 0 -6
148 V 14 0 -6
148 V 15 0 -6
148 V 16 0 -6
148 V 17 0 -6
148 V 18 0 -6
148 V 19 0 -6
148 V 20 0 -6
148 V 21 0 -6
148 V 22 0 -6
148 V 23 0 -6
148 V 24 0 -6
148 V 25 0 -6
149 Q 14
149 V 1 0 -6
149 V 2 0 -6
149 V 3 0 -6
149 V 4 0 -6
149 V 5 0 -6
149 V 6 0 -6
149 V 7 0 -6
149 V 8 0 -6
149 V 9 0 -6
149 V 10 0 -6
149 V 11 0 -6
149 V 12 0 -6
149 V 13 0 -6
149 V 14 0 -6
149 V 15 0 -6
149 V 16 0 -6
149 V 17 0 -6
149 V 18 0 -6
149 V 19 0 -6
149 V 20 0 -6
149 V 21 0 -6
149 V 22 0 -6
149 V 23 0 -6
149 V 24 0 -6
149 V 25 0 -6
150 Q 14
150 V 1 0 -6
150 V 2 0 -6
150 V 3 0 -6
150 V 4 0 -6
150 V 5 0 -6
150 V 6 0 -6
150 V 7 0 -6
150 V 8 0 -6
150 V 9 0 -6
150 V 10 0 -6
150 V 11 0 -6
150 V 12 0 -6
150 V 13 0 -6
150 V 14 0 -6
150 V 15 0 -6
150 V 16 0 -6
150 V 17 0 -6
150 V 18 0 -6
150 V 19 0 -6
150 V 20 0 -6
150 V 21 0 -6
150 V 22 0 -6
150 V 23 0 -6
150 V 24 0 -6
150 V 25 0 -6
151 Q 14
151 V 1 0 -6
151 V 2 0 -6
151 V 3 0 -6
151 V 4 0 -6
151 V 5 0 -6
151 V 6 0 -6
151 V 7 0 -6
151 V 8 0 -6
151 V 9 0 -6
151 V 10 0 -6
151 V 11 0 -6
151 V 12 0 -6
151 V 13 0 -6
151 V 14 0 -6
151 V 15 0 -6
151 V 16 0 -6
151 V 17 0 -6
151 V 18 0 -6
151 V 19 0 -6
151 V 20 0 -6
151 V 21 0 -6
151 V 22 0 -6
151 V 23 0 -6
151 V 24 0 -6
151 V 25 0 -6
152 Q 14
152 V 1 0 -6
152 V 2 0 -6
152 V 3 0 -6
152 V 4 0 -6
152 V 5 0 -6
152 V 6 0 -6
152 V 7 0 -6
152 V 8 0 -6
152 V 9 0 -6
152 V 10 0 -6
152 V 11 0 -6
152 V 12 0 -6
152 V 13 0 -6
152 V 14 0 -6
152 V 15 0 -6
152 V 16 0 -6
152 V 17 0 -6
152 V 18 0 -6
152 V 19 0 -6
152 V 20 0 -6
152 V 21 0 -6
152 V 22 0 -6
152 V 23 0 -6
152 V 24 0 -6
152 V 25 0 -6
153 Q 14
153 V 1 0 -6
153 V 2 0 -6
153 V 3 0 -6
153 V 4 0 -6
153 V 5 0 -6
153 V 6 0 -6
153 V 7 0 -6
153 V 8 0 -6
153 V 9 0 -6
153 V 10 0 -6
153 V 11 0 -6
153 V 12 0 -6
153 V 13 0 -6
153 V 14 0 -6
153 V 15 0 -6
153 V 16 0 -6
153 V 17 0 -6
153 V 18 0 -6
153 V 19 0 -6
153 V 20 0 -6
153 V 21 0 -6
153 V 22 0 -6
153 V 23 0 -6
153 V 24 0 -6
153 V 25 0 -6
154 Q 14
154 V 1 0 -6
154 V 2 0 -6
154 V 3 0 -6
154 V 4 0 -6
154 V 5 0 -6
154 V 6 0 -6
154 V 7 0 -6
154 V 8 0 -6
154 V 9 0 -6
154 V 10 0 -6
154 V 11 0 -6
154 V 12 0 -6
154 V 13 0 -6
154 V 14 0 -6
154 V 15 0 -6
154 V 16 0 -6
154 V 17 0 -6
154 V 18 0 -6
154 V 19 0 -6
154 V 20 0 -6
154 V 21 0 -6
154 V 22 0 -6
154 V 23 0 -6
154 V 24 0 -6
154 V 25 0 -6
155 Q 14
155 V 1 0 -6
155 V 2 0 -6
155 V 3 0 -6
155 V 4 0 -6
155 V 5 0 -6
155 V 6 0 -6
155 V 7 0 -6
155 V 8 0 -6
155 V 9 0 -6
155 V 10 0 -6
155 V 11 0 -6
155 V 12 0 -6
155 V 13 0 -6
155 V 14 0 -6
155 V 15 0 -6
155 V 16 0 -6
155 V 17 0 -6
155 V 18 0 -6
155 V 19 0 -6
155 V 20 0 -6
155 V 21 0 -6
155 V 22 0 -6
155 V 23 0 -6
155 V 24 0 -6
155 V 25 0 -6
156 Q 14
156 V 1 0 -6
156 V 2 0 -6
156 V 3 0 -6
156 V 4 0 -6
156 V 5 0 -6
156 V 6 0 -6
156 V 7 0 -6
156 V 8 0 -6
156 V 9 0 -6
156 V 10 0 -6
156 V 11 0 -6
156 V 12 0 -6
156 V 13 0 -6
156 V 14 0 -6
156 V 15 0 -6
156 V 16 0 -6
156 V 17 0 -6
156 V 18 0 -6
156 V 19 0 -6
156 V 20 0 -6
156 V 21 0 -6
156 V 22 0 -6
156 V 23 0 -6
156 V 24 0 -6
156 V 25 0 -6
157 Q 14
157 V 1 0 -6
157 V 2 0 -6
157 V 3 0 -6
157 V 4 0 -6
157 V 5 0 -6
157 V 6 0 -6
157 V 7 0 -6
157 V 8 0 -6
157 V 9 0 -6
157 V 10 0 -6
157 V 11 0 -6
157 V 12 0 -6
157 V 13 0 -6
157 V 14 0 -6
157 V 15 0 -6
157 V 16 0 -6
157 V 17 0 -6
157 V 18 0 -6
157 V 19 0 -6
157 V 20 0 -6
157 V 21 0 -6
157 V 22 0 -6
157 V 23 0 -6
157 V 24 0 -6
157 V 25 0 -6
158 Q 14
158 V 1 0 -6
158 V 2 0 -6
158 V 3 0 -6
158 V 4 0 -6
158 V 5 0 -6
158 V 6 0 -6
158 V 7 0 -6
158 V 8 0 -6
158 V 9 0 -6
158 V 10 0 -6
158 V 11 0 -6
158 V 12 0 -6
158 V 13 0 -6
158 V 14 0 -6
158 V 15 0 -6
158 V 16 0 -6
158 V 17 0 -6
158 V 18 0 -6
158 V 19 0 -6
158 V 20 0 -6
158 V 21 0 -6
158 V 22 0 -6
158 V 23 0 -6
158 V 24 0 -6
158 V 25 0 -6
159 Q 14
159 V 1 0 -6
159 V 2 0 -6
159 V 3 0 -6
159 V 4 0 -6
159 V 5 0 -6
159 V 6 0 -6
159 V 7 0 -6
159 V 8 0 -6
159 V 9 0 -6
159 V 10 0 -6
159 V 11 0 -6
159 V 12 0 -6
159 V 13 0 -6
159 V 14 0 -6
159 V 15 0 -6
159 V 16 0 -6
159 V 17 0 -6
159 V 18 0 -6
159 V 19 0 -6
159 V 20 0 -6
159 V 21 0 -6
159 V 22 0 -6
159 V 23 0 -6
159 V 24 0 -6
159 V 25 0 -6
160 Q 14
160 V 1 0 -6
160 V 2 0 -6
160 V 3 0 -6
160 V 4 0 -6
160 V 5 0 -6
160 V 6 0 -6
160 V 7 0 -6
160 V 8 0 -6
160 V 9 0 -6
160 V 10 0 -6
160 V 11 0 -6
160 V 12 0 -6
160 V 13 0 -6
160 V 14 0 -6
160 V 15 0 -6
160 V 16 0 -6
160 V 17 0 -6
160 V 18 0 -6
160 V 19 0 -6
160 V 20 0 -6
160 V 21 0 -6
160 V 22 0 -6
160 V 23 0 -6
160 V 24 0 -6
160 V 25 0 -6
161 Q 15
161 T 936
161 V 1 0 -6
161 V 2 0 -6
161 V 3 0 -6
161 V 4 0 -6
161 V 5 0 -6
161 V 6 0 -6
161 V 7 0 -6
161 V 8 0 -6
161 V 9 0 -6
161 V 10 0 -6
161 V 11 0 -6
161 V 12 0 -6
161 V 13 0 -6
161 V 14 0 -6
161 V 15 0 -6
161 V 16 0 -6
161 V 17 0 -6
161 V 18 0 -6
161 V 19 0 -6
161 V 20 0 -6
161 V 21 0 -6
161 V 22 0 -6
161 V 23 0 -6
161 V 24 0 -6
161 V 25 0 -6
162 Q 14
162 V 1 0 -6
162 V 2 0 -6
162 V 3 0 -6
162 V 4 0 -6
162 V 5 0 -6
162 V 6 0 -6
162 V 7 0 -6
162 V 8 0 -6
162 V 9 0 -6
162 V 10 0 -6
162 V 11 0 -6
162 V 12 0 -6
162 V 13 0 -6
162 V 14 0 -6
162 V 15 0 -6
162 V 16 0 -6
162 V 17 0 -6
162 V 18 0 -6
162 V 19 0 -6
162 V 20 0 -6
162 V 21 0 -6
162 V 22 0 -6
162 V 23 0 -6
162 V 24 0 -6
162 V 25 0 -6
163 Q 14
163 V 1 0 -6
163 V 2 0 -6
163 V 3 0 -6
163 V 4 0 -6
163 V 5 0 -6
163 V 6 0 -6
163 V 7 0 -6
163 V 8 0 -6
163 V 9 0 -6
163 V 10 0 -6
163 V 11 0 -6
163 V 12 0 -6
163 V 13 0 -6
163 V 14 0 -6
163 V 15 0 -6
163 V 16 0 -6
163 V 17 0 -6
163 V 18 0 -6
163 V 19 0 -6
163 V 20 0 -6
163 V 21 0 -6
163 V 22 0 -6
163 V 23 0 -6
163 V 24 0 -6
163 V 25 0 -6
164 Q 14
164 V 1 0 -6
164 V 2 0 -6
164 V 3 0 -6
164 V 4 0 -6
164 V 5 0 -6
164 V 6 0 -6
164 V 7 0 -6
164 V 8 0 -6
164 V 9 0 -6
164 V 10 0 -6
164 V 11 0 -6
164 V 12 0 -6
164 V 13 0 -6
164 V 14 0 -6
164 V 15 0 -6
164 V 16 0 -6
164 V 17 0 -6
164 V 18 0 -6
164 V 19 0 -6
164 V 20 0 -6
164 V 21 0 -6
164 V 22 0 -6
164 V 23 0 -6
164 V 24 0 -6
164 V 25 0 -6
165 Q 14
165 V 1 0 -6
165 V 2 0 -6
165 V 3 0 -6
165 V 4 0 -6
165 V 5 0 -6
165 V 6 0 -6
165 V 7 0 -6
165 V 8 0 -6
165 V 9 0 -6
165 V 10 0 -6
165 V 11 0 -6
165 V 12 0 -6
165 V 13 0 -6
165 V 14 0 -6
165 V 15 0 -6
165 V 16 0 -6
165 V 17 0 -6
165 V 18 0 -6
165 V 19 0 -6
165 V 20 0 -6
165 V 21 0 -6
165 V 22 0 -6
165 V 23 0 -6
165 V 24 0 -6
165 V 25 0 -6
166 Q 14
166 V 1 0 -6
166 V 2 0 -6
166 V 3 0 -6
166 V 4 0 -6
166 V 5 0 -6
166 V 6 0 -6
166 V 7 0 -6
166 V 8 0 -6
166 V 9 0 -6
166 V 10 0 -6
166 V 11 0 -6
166 V 12 0 -6
166 V 13 0 -6
166 V 14 0 -6
166 V 15 0 -6
166 V 16 0 -6
166 V 17 0 -6
166 V 18 0 -6
166 V 19 0 -6
166 V 20 0 -6
166 V 21 0 -6
166 V 22 0 -6
166 V 23 0 -6
166 V 24 0 -6
166 V 25 0 -6
167 Q 14
167 V 1 0 -6
167 V 2 0 -6
167 V 3 0 -6
167 V 4 0 -6
167 V 5 0 -6
167 V 6 0 -6
167 V 7 0 -6
167 V 8 0 -6
167 V 9 0 -6
167 V 10 0 -6
167 V 11 0 -6
167 V 12 0 -6
167 V 13 0 -6
167 V 14 0 -6
167 V 15 0 -6
167 V 16 0 -6
167 V 17 0 -6
167 V 18 0 -6
167 V 19 0 -6
167 V 20 0 -6
167 V 21 0 -6
167 V 22 0 -6
167 V 23 0 -6
167 V 24 0 -6
167 V 25 0 -6
168 Q 15
168 V 1 0 -6
168 V 2 0 -6
168 V 3 0 -6
168 V 4 0 -6
168 V 5 0 -6
168 V 6 0 -6
168 V 7 0 -6
168 V 8 0 -6
168 V 9 0 -6
168 V 10 0 -6
168 V 11 0 -6
168 V 12 0 -6
168 V 13 0 -6
168 V 14 0 -6
168 V 15 0 -6
168 V 16 0 -6
168 V 17 0 -6
168 V 18 0 -6
168 V 19 0 -6
168 V 20 0 -6
168 V 21 0 -6
168 V 22 0 -6
168 V 23 0 -6
168 V 24 0 -6
168 V 25 0 -6
169 Q 15
169 T 89
169 V 1 0 -6
169 V 2 0 -6
169 V 3 0 -6
169 V 4 0 -6
169 V 5 0 -6
169 V 6 0 -6
169 V 7 0 -6
169 V 8 0 -6
169 V 9 0 -6
169 V 10 0 -6
169 V 11 0 -6
169 V 12 0 -6
169 V 13 0 -6
169 V 14 0 -6
169 V 15 0 -6
169 V 16 0 -6
169 V 17 0 -6
169 V 18 0 -6
169 V 19 0 -6
169 V 20 0 -6
169 V 21 0 -6
169 V 22 0 -6
169 V 23 0 -6
169 V 24 0 -6
169 V 25 0 -6
170 Q 15
170 V 1 0 -6
170 V 2 0 -6
170 V 3 0 -6
170 V 4 0 -6
170 V 5 0 -6
170 V 6 0 -6
170 V 7 0 -6
170 V 8 0 -6
170 V 9 0 -6
170 V 10 0 -6
170 V 11 0 -6
170 V 12 0 -6
170 V 13 0 -6
170 V 14 0 -6
170 V 15 0 -6
170 V 16 0 -6
170 V 17 0 -6
170 V 18 0 -6
170 V 19 0 -6
170 V 20 0 -6
170 V 21 0 -6
170 V 22 0 -6
170 V 23 0 -6
170 V 24 0 -6
170 V 25 0 -6
171 Q 15
171 V 1 0 -6
171 V 2 0 -6
171 V 3 0 -6
171 V 4 0 -6
171 V 5 0 -6
171 V 6 0 -6
171 V 7 0 -6
171 V 8 0 -6
171 V 9 0 -6
171 V 10 0 -6
171 V 11 0 -6
171 V 12 0 -6
171 V 13 0 -6
171 V 14 0 -6
171 V 15 0 -6
171 V 16 0 -6
171 V 17 0 -6
171 V 18 0 -6
171 V 19 0 -6
171 V 20 0 -6
171 V 21 0 -6
171 V 22 0 -6
171 V 23 0 -6
171 V 24 0 -6
171 V 25 0 -6
172 Q 15
172 V 1 0 -6
172 V 2 0 -6
172 V 3 0 -6
172 V 4 0 -6
172 V 5 0 -6
172 V 6 0 -6
172 V 7 0 -6
172 V 8 0 -6
172 V 9 0 -6
172 V 10 0 -6
172 V 11 0 -6
172 V 12 0 -6
172 V 13 0 -6
172 V 14 0 -6
172 V 15 0 -6
172 V 16 0 -6
172 V 17 0 -6
172 V 18 0 -6
172 V 19 0 -6
172 V 20 0 -6
172 V 21 0 -6
172 V 22 0 -6
172 V 23 0 -6
172 V 24 0 -6
172 V 25 0 -6
173 Q 16
173 V 1 0 -6
173 V 2 0 -6
173 V 3 0 -6
173 V 4 0 -6
173 V 5 0 -6
173 V 6 0 -6
173 V 7 0 -6
173 V 8 0 -6
173 V 9 0 -6
173 V 10 0 -6
173 V 11 0 -6
173 V 12 0 -6
173 V 13 0 -6
173 V 14 0 -6
173 V 15 0 -6
173 V 16 0 -6
173 V 17 0 -6
173 V 18 0 -6
173 V 19 0 -6
173 V 20 0 -6
173 V 21 0 -6
173 V 22 0 -6
173 V 23 0 -6
173 V 24 0 -6
173 V 25 0 -6
174 Q 16
174 V 1 0 -6
174 V 2 0 -6
174 V 3 0 -6
174 V 4 0 -6
174 V 5 0 -6
174 V 6 0 -6
174 V 7 0 -6
174 V 8 0 -6
174 V 9 0 -6
174 V 10 0 -6
174 V 11 0 -6
174 V 12 0 -6
174 V 13 0 -6
174 V 14 0 -6
174 V 15 0 -6
174 V 16 0 -6
174 V 17 0 -6
174 V 18 0 -6
174 V 19 0 -6
174 V 20 0 -6
174 V 21 0 -6
174 V 22 0 -6
174 V 23 0 -6
174 V 24 0 -6
174 V 25 0 -6
175 Q 16
175 V 1 0 -6
175 V 2 0 -6
175 V 3 0 -6
175 V 4 0 -6
175 V 5 0 -6
175 V 6 0 -6
175 V 7 0 -6
175 V 8 0 -6
175 V 9 0 -6
175 V 10 0 -6
175 V 11 0 -6
175 V 12 0 -6
175 V 13 0 -6
175 V 14 0 -6
175 V 15 0 -6
175 V 16 0 -6
175 V 17 0 -6
175 V 18 0 -6
175 V 19 0 -6
175 V 20 0 -6
175 V 21 0 -6
175 V 22 0 -6
175 V 23 0 -6
175 V 24 0 -6
175 V 25 0 -6
176 Q 16
176 V 1 0 -6
176 V 2 0 -6
176 V 3 0 -6
176 V 4 0 -6
176 V 5 0 -6
176 V 6 0 -6
176 V 7 0 -6
176 V 8 0 -6
176 V 9 0 -6
176 V 10 0 -6
176 V 11 0 -6
176 V 12 0 -6
176 V 13 0 -6
176 V 14 0 -6
176 V 15 0 -6
176 V 16 0 -6
176 V 17 0 -6
176 V 18 0 -6
176 V 19 0 -6
176 V 20 0 -6
176 V 21 0 -6
176 V 22 0 -6
176 V 23 0 -6
176 V 24 0 -6
176 V 25 0 -6
177 Q 16
177 T 580 798
177 V 1 0 -6
177 V 2 0 -6
177 V 3 0 -6
177 V 4 0 -6
177 V 5 0 -6
177 V 6 0 -6
177 V 7 0 -6
177 V 8 0 -6
177 V 9 0 -6
177 V 10 0 -6
177 V 11 0 -6
177 V 12 0 -6
177 V 13 0 -6
177 V 14 0 -6
177 V 15 0 -6
177 V 16 0 -6
177 V 17 0 -6
177 V 18 0 -6
177 V 19 0 -6
177 V 20 0 -6
177 V 21 0 -6
177 V 22 0 -6
177 V 23 0 -6
177 V 24 0 -6
177 V 25 0 -6
178 Q 14
178 T 256
178 V 1 0 -6
178 V 2 0 -6
178 V 3 0 -6
178 V 4 0 -6
178 V 5 0 -6
178 V 6 0 -6
178 V 7 0 -6
178 V 8 0 -6
178 V 9 0 -6
178 V 10 0 -6
178 V 11 0 -6
178 V 12 0 -6
178 V 13 0 -6
178 V 14 0 -6
178 V 15 0 -6
178 V 16 0 -6
178 V 17 0 -6
178 V 18 0 -6
178 V 19 0 -6
178 V 20 0 -6
178 V 21 0 -6
178 V 22 0 -6
178 V 23 0 -6
178 V 24 0 -6
178 V 25 0 -6
179 Q 13
179 T 159 287
179 V 1 0 -6
179 V 2 0 -6
179 V 3 0 -6
179 V 4 0 -6
179 V 5 0 -6
179 V 6 0 -6
179 V 7 0 -6
179 V 8 0 -6
179 V 9 0 -6
179 V 10 0 -6
179 V 11 0 -6
179 V 12 0 -6
179 V 13 0 -6
179 V 14 0 -6
179 V 15 0 -6
179 V 16 0 -6
179 V 17 0 -6
179 V 18 0 -6
179 V 19 0 -6
179 V 20 0 -6
179 V 21 0 -6
179 V 22 0 -6
179 V 23 0 -6
179 V 24 0 -6
179 V 25 0 -6
180 Q 11
180 V 1 0 -6
180 V 2 0 -6
180 V 3 0 -6
180 V 4 0 -6
180 V 5 0 -6
180 V 6 0 -6
180 V 7 0 -6
180 V 8 0 -6
180 V 9 0 -6
180 V 10 0 -6
180 V 11 0 -6
180 V 12 0 -6
180 V 13 0 -6
180 V 14 0 -6
180 V 15 0 -6
180 V 16 0 -6
180 V 17 0 -6
180 V 18 0 -6
180 V 19 0 -6
180 V 20 0 -6
180 V 21 0 -6
180 V 22 0 -6
180 V 23 0 -6
180 V 24 0 -6
180 V 25 0 -6
181 Q 12
181 T 960
181 V 1 0 -6
181 V 2 0 -6
181 V 3 0 -6
181 V 4 0 -6
181 V 5 0 -6
181 V 6 0 -6
181 V 7 0 -6
181 V 8 0 -6
181 V 9 0 -6
181 V 10 0 -6
181 V 11 0 -6
181 V 12 0 -6
181 V 13 0 -6
181 V 14 0 -6
181 V 15 0 -6
181 V 16 0 -6
181 V 17 0 -6
181 V 18 0 -6
181 V 19 0 -6
181 V 20 0 -6
181 V 21 0 -6
181 V 22 0 -6
181 V 23 0 -6
181 V 24 0 -6
181 V 25 0 -6
182 Q 11
182 V 1 0 -6
182 V 2 0 -6
182 V 3 0 -6
182 V 4 0 -6
182 V 5 0 -6
182 V 6 0 -6
182 V 7 0 -6
182 V 8 0 -6
182 V 9 0 -6
182 V 10 0 -6
182 V 11 0 -6
182 V 12 0 -6
182 V 13 0 -6
182 V 14 0 -6
182 V 15 0 -6
182 V 16 0 -6
182 V 17 0 -6
182 V 18 0 -6
182 V 19 0 -6
182 V 20 0 -6
182 V 21 0 -6
182 V 22 0 -6
182 V 23 0 -6
182 V 24 0 -6
182 V 25 0 -6
183 Q 12
183 V 1 0 -6
183 V 2 0 -6
183 V 3 0 -6
183 V 4 0 -6
183 V 5 0 -6
183 V 6 0 -6
183 V 7 0 -6
183 V 8 0 -6
183 V 9 0 -6
183 V 10 0 -6
183 V 11 0 -6
183 V 12 0 -6
183 V 13 0 -6
183 V 14 0 -6
183 V 15 0 -6
183 V 16 0 -6
183 V 17 0 -6
183 V 18 0 -6
183 V 19 0 -6
183 V 20 0 -6
183 V 21 0 -6
183 V 22 0 -6
183 V 23 0 -6
183 V 24 0 -6
183 V 25 0 -6
184 Q 12
184 V 1 0 -6
184 V 2 0 -6
184 V 3 0 -6
184 V 4 0 -6
184 V 5 0 -6
184 V 6 0 -6
184 V 7 0 -6
184 V 8 0 -6
184 V 9 0 -6
184 V 10 0 -6
184 V 11 0 -6
184 V 12 0 -6
184 V 13 0 -6
184 V 14 0 -6
184 V 15 0 -6
184 V 16 0 -6
184 V 17 0 -6
184 V 18 0 -6
184 V 19 0 -6
184 V 20 0 -6
184 V 21 0 -6
184 V 22 0 -6
184 V 23 0 -6
184 V 24 0 -6
184 V 25 0 -6
185 Q 12
185 V 1 0 -6
185 V 2 0 -6
185 V 3 0 -6
185 V 4 0 -6
185 V 5 0 -6
185 V 6 0 -6
185 V 7 0 -6
185 V 8 0 -6
185 V 9 0 -6
185 V 10 0 -6
185 V 11 0 -6
185 V 12 0 -6
185 V 13 0 -6
185 V 14 0 -6
185 V 15 0 -6
185 V 16 0 -6
185 V 17 0 -6
185 V 18 0 -6
185 V 19 0 -6
185 V 20 0 -6
185 V 21 0 -6
185 V 22 0 -6
185 V 23 0 -6
185 V 24 0 -6
185 V 25 0 -6
186 Q 12
186 V 1 0 -6
186 V 2 0 -6
186 V 3 0 -6
186 V 4 0 -6
186 V 5 0 -6
186 V 6 0 -6
186 V 7 0 -6
186 V 8 0 -6
186 V 9 0 -6
186 V 10 0 -6
186 V 11 0 -6
186 V 12 0 -6
186 V 13 0 -6
186 V 14 0 -6
186 V 15 0 -6
186 V 16 0 -6
186 V 17 0 -6
186 V 18 0 -6
186 V 19 0 -6
186 V 20 0 -6
186 V 21 0 -6
186 V 22 0 -6
186 V 23 0 -6
186 V 24 0 -6
186 V 25 0 -6
187 Q 12
187 T 238
187 V 1 0 -6
187 V 2 0 -6
187 V 3 0 -6
187 V 4 0 -6
187 V 5 0 -6
187 V 6 0 -6
187 V 7 0 -6
187 V 8 0 -6
187 V 9 0 -6
187 V 10 0 -6
187 V 11 0 -6
187 V 12 0 -6
187 V 13 0 -6
187 V 14 0 -6
187 V 15 0 -6
187 V 16 0 -6
187 V 17 0 -6
187 V 18 0 -6
187 V 19 0 -6
187 V 20 0 -6
187 V 21 0 -6
187 V 22 0 -6
187 V 23 0 -6
187 V 24 0 -6
187 V 25 0 -6
188 Q 13
188 V 1 0 -6
188 V 2 0 -6
188 V 3 0 -6
188 V 4 0 -6
188 V 5 0 -6
188 V 6 0 -6
188 V 7 0 -6
188 V 8 0 -6
188 V 9 0 -6
188 V 10 0 -6
188 V 11 0 -6
188 V 12 0 -6
188 V 13 0 -6
188 V 14 0 -6
188 V 15 0 -6
188 V 16 0 -6
188 V 17 0 -6
188 V 18 0 -6
188 V 19 0 -6
188 V 20 0 -6
188 V 21 0 -6
188 V 22 0 -6
188 V 23 0 -6
188 V 24 0 -6
188 V 25 0 -6
189 Q 13
189 T 901
189 V 1 0 -6
189 V 2 0 -6
189 V 3 0 -6
189 V 4 0 -6
189 V 5 0 -6
189 V 6 0 -6
189 V 7 0 -6
189 V 8 0 -6
189 V 9 0 -6
189 V 10 0 -6
189 V 11 0 -6
189 V 12 0 -6
189 V 13 0 -6
189 V 14 0 -6
189 V 15 0 -6
189 V 16 0 -6
189 V 17 0 -6
189 V 18 0 -6
189 V 19 0 -6
189 V 20 0 -6
189 V 21 0 -6
189 V 22 0 -6
189 V 23 0 -6
189 V 24 0 -6
189 V 25 0 -6
190 Q 12
190 V 1 0 -6
190 V 2 0 -6
190 V 3 0 -6
190 V 4 0 -6
190 V 5 0 -6
190 V 6 0 -6
190 V 7 0 -6
190 V 8 0 -6
190 V 9 0 -6
190 V 10 0 -6
190 V 11 0 -6
190 V 12 0 -6
190 V 13 0 -6
190 V 14 0 -6
190 V 15 0 -6
190 V 16 0 -6
190 V 17 0 -6
190 V 18 0 -6
190 V 19 0 -6
190 V 20 0 -6
190 V 21 0 -6
190 V 22 0 -6
190 V 23 0 -6
190 V 24 0 -6
190 V 25 0 -6
191 Q 12
191 V 1 0 -6
191 V 2 0 -6
191 V 3 0 -6
191 V 4 0 -6
191 V 5 0 -6
191 V 6 0 -6
191 V 7 0 -6
191 V 8 0 -6
191 V 9 0 -6
191 V 10 0 -6
191 V 11 0 -6
191 V 12 0 -6
191 V 13 0 -6
191 V 14 0 -6
191 V 15 0 -6
191 V 16 0 -6
191 V 17 0 -6
191 V 18 0 -6
191 V 19 0 -6
191 V 20 0 -6
191 V 21 0 -6
191 V 22 0 -6
191 V 23 0 -6
191 V 24 0 -6
191 V 25 0 -6
192 Q 12
192 T 834
192 V 1 0 -6
192 V 2 0 -6
192 V 3 0 -6
192 V 4 0 -6
192 V 5 0 -6
192 V 6 0 -6
192 V 7 0 -6
192 V 8 0 -6
192 V 9 0 -6
192 V 10 0 -6
192 V 11 0 -6
192 V 12 0 -6
192 V 13 0 -6
192 V 14 0 -6
192 V 15 0 -6
192 V 16 0 -6
192 V 17 0 -6
192 V 18 0 -6
192 V 19 0 -6
192 V 20 0 -6
192 V 21 0 -6
192 V 22 0 -6
192 V 23 0 -6
192 V 24 0 -6
192 V 25 0 -6
193 Q 11
193 V 1 0 -6
193 V 2 0 -6
193 V 3 0 -6
193 V 4 0 -6
193 V 5 0 -6
193 V 6 0 -6
193 V 7 0 -6
193 V 8 0 -6
193 V 9 0 -6
193 V 10 0 -6
193 V 11 0 -6
193 V 12 0 -6
193 V 13 0 -6
193 V 14 0 -6
193 V 15 0 -6
193 V 16 0 -6
193 V 17 0 -6
193 V 18 0 -6
193 V 19 0 -6
193 V 20 0 -6
193 V 21 0 -6
193 V 22 0 -6
193 V 23 0 -6
193 V 24 0 -6
193 V 25 0 -6
194 Q 11
194 V 1 0 -6
194 V 2 0 -6
194 V 3 0 -6
194 V 4 0 -6
194 V 5 0 -6
194 V 6 0 -6
194 V 7 0 -6
194 V 8 0 -6
194 V 9 0 -6
194 V 10 0 -6
194 V 11 0 -6
194 V 12 0 -6
194 V 13 0 -6
194 V 14 0 -6
194 V 15 0 -6
194 V 16 0 -6
194 V 17 0 -6
194 V 18 0 -6
194 V 19 0 -6
194 V 20 0 -6
194 V 21 0 -6
194 V 22 0 -6
194 V 23 0 -6
194 V 24 0 -6
194 V 25 0 -6
195 Q 11
195 T 698
195 V 1 0 -6
195 V 2 0 -6
195 V 3 0 -6
195 V 4 0 -6
195 V 5 0 -6
195 V 6 0 -6
195 V 7 0 -6
195 V 8 0 -6
195 V 9 0 -6
195 V 10 0 -6
195 V 11 0 -6
195 V 12 0 -6
195 V 13 0 -6
195 V 14 0 -6
195 V 15 0 -6
195 V 16 0 -6
195 V 17 0 -6
195 V 18 0 -6
195 V 19 0 -6
195 V 20 0 -6
195 V 21 0 -6
195 V 22 0 -6
195 V 23 0 -6
195 V 24 0 -6
195 V 25 0 -6
196 Q 11
196 V 1 0 -6
196 V 2 0 -6
196 V 3 0 -6
196 V 4 0 -6
196 V 5 0 -6
196 V 6 0 -6
196 V 7 0 -6
196 V 8 0 -6
196 V 9 0 -6
196 V 10 0 -6
196 V 11 0 -6
196 V 12 0 -6
196 V 13 0 -6
196 V 14 0 -6
196 V 15 0 -6
196 V 16 0 -6
196 V 17 0 -6
196 V 18 0 -6
196 V 19 0 -6
196 V 20 0 -6
196 V 21 0 -6
196 V 22 0 -6
196 V 23 0 -6
196 V 24 0 -6
196 V 25 0 -6
197 Q 11
197 V 1 0 -6
197 V 2 0 -6
197 V 3 0 -6
197 V 4 0 -6
197 V 5 0 -6
197 V 6 0 -6
197 V 7 0 -6
197 V 8 0 -6
197 V 9 0 -6
197 V 10 0 -6
197 V 11 0 -6
197 V 12 0 -6
197 V 13 0 -6
197 V 14 0 -6
197 V 15 0 -6
197 V 16 0 -6
197 V 17 0 -6
197 V 18 0 -6
197 V 19 0 -6
197 V 20 0 -6
197 V 21 0 -6
197 V 22 0 -6
197 V 23 0 -6
197 V 24 0 -6
197 V 25 0 -6
198 Q 11
198 T 912
198 V 1 0 -6
198 V 2 0 -6
198 V 3 0 -6
198 V 4 0 -6
198 V 5 0 -6
198 V 6 0 -6
198 V 7 0 -6
198 V 8 0 -6
198 V 9 0 -6
198 V 10 0 -6
198 V 11 0 -6
198 V 12 0 -6
198 V 13 0 -6
198 V 14 0 -6
198 V 15 0 -6
198 V 16 0 -6
198 V 17 0 -6
198 V 18 0 -6
198 V 19 0 -6
198 V 20 0 -6
198 V 21 0 -6
198 V 22 0 -6
198 V 23 0 -6
198 V 24 0 -6
198 V 25 0 -6
199 Q 10
199 V 1 0 -6
199 V 2 0 -6
199 V 3 0 -6
199 V 4 0 -6
199 V 5 0 -6
199 V 6 0 -6
199 V 7 0 -6
199 V 8 0 -6
199 V 9 0 -6
199 V 10 0 -6
199 V 11 0 -6
199 V 12 0 -6
199 V 13 0 -6
199 V 14 0 -6
199 V 15 0 -6
199 V 16 0 -6
199 V 17 0 -6
199 V 18 0 -6
199 V 19 0 -6
199 V 20 0 -6
199 V 21 0 -6
199 V 22 0 -6
199 V 23 0 -6
199 V 24 0 -6
199 V 25 0 -6
200 Q 10
200 V 1 0 -6
200 V 2 0 -6
200 V 3 0 -6
200 V 4 0 -6
200 V 5 0 -6
200 V 6 0 -6
200 V 7 0 -6
200 V 8 0 -6
200 V 9 0 -6
200 V 10 0 -6
200 V 11 0 -6
200 V 12 0 -6
200 V 13 0 -6
200 V 14 0 -6
200 V 15 0 -6
200 V 16 0 -6
200 V 17 0 -6
200 V 18 0 -6
200 V 19 0 -6
200 V 20 0 -6
200 V 21 0 -6
200 V 22 0 -6
200 V 23 0 -6
200 V 24 0 -6
200 V 25 0 -6
201 Q 10
201 V 1 0 -6
201 V 2 0 -6
201 V 3 0 -6
201 V 4 0 -6
201 V 5 0 -6
201 V 6 0 -6
201 V 7 0 -6
201 V 8 0 -6
201 V 9 0 -6
201 V 10 0 -6
201 V 11 0 -6
201 V 12 0 -6
201 V 13 0 -6
201 V 14 0 -6
201 V 15 0 -6
201 V 16 0 -6
201 V 17 0 -6
201 V 18 0 -6
201 V 19 0 -6
201 V 20 0 -6
201 V 21 0 -6
201 V 22 0 -6
201 V 23 0 -6
201 V 24 0 -6
201 V 25 0 -6
202 Q 10
202 V 1 0 -6
202 V 2 0 -6
202 V 3 0 -6
202 V 4 0 -6
202 V 5 0 -6
202 V 6 0 -6
202 V 7 0 -6
202 V 8 0 -6
202 V 9 0 -6
202 V 10 0 -6
202 V 11 0 -6
202 V 12 0 -6
202 V 13 0 -6
202 V 14 0 -6
202 V 15 0 -6
202 V 16 0 -6
202 V 17 0 -6
202 V 18 0 -6
202 V 19 0 -6
202 V 20 0 -6
202 V 21 0 -6
202 V 22 0 -6
202 V 23 0 -6
202 V 24 0 -6
202 V 25 0 -6
203 Q 10
203 V 1 0 -6
203 V 2 0 -6
203 V 3 0 -6
203 V 4 0 -6
203 V 5 0 -6
203 V 6 0 -6
203 V 7 0 -6
203 V 8 0 -6
203 V 9 0 -6
203 V 10 0 -6
203 V 11 0 -6
203 V 12 0 -6
203 V 13 0 -6
203 V 14 0 -6
203 V 15 0 -6
203 V 16 0 -6
203 V 17 0 -6
203 V 18 0 -6
203 V 19 0 -6
203 V 20 0 -6
203 V 21 0 -6
203 V 22 0 -6
203 V 23 0 -6
203 V 24 0 -6
203 V 25 0 -6
204 Q 10
204 V 1 0 -6
204 V 2 0 -6
204 V 3 0 -6
204 V 4 0 -6
204 V 5 0 -6
204 V 6 0 -6
204 V 7 0 -6
204 V 8 0 -6
204 V 9 0 -6
204 V 10 0 -6
204 V 11 0 -6
204 V 12 0 -6
204 V 13 0 -6
204 V 14 0 -6
204 V 15 0 -6
204 V 16 0 -6
204 V 17 0 -6
204 V 18 0 -6
204 V 19 0 -6
204 V 20 0 -6
204 V 21 0 -6
204 V 22 0 -6
204 V 23 0 -6
204 V 24 0 -6
204 V 25 0 -6
205 Q 11
205 V 1 0 -6
205 V 2 0 -6
205 V 3 0 -6
205 V 4 0 -6
205 V 5 0 -6
205 V 6 0 -6
205 V 7 0 -6
205 V 8 0 -6
205 V 9 0 -6
205 V 10 0 -6
205 V 11 0 -6
205 V 12 0 -6
205 V 13 0 -6
205 V 14 0 -6
205 V 15 0 -6
205 V 16 0 -6
205 V 17 0 -6
205 V 18 0 -6
205 V 19 0 -6
205 V 20 0 -6
205 V 21 0 -6
205 V 22 0 -6
205 V 23 0 -6
205 V 24 0 -6
205 V 25 0 -6
206 Q 11
206 V 1 0 -6
206 V 2 0 -6
206 V 3 0 -6
206 V 4 0 -6
206 V 5 0 -6
206 V 6 0 -6
206 V 7 0 -6
206 V 8 0 -6
206 V 9 0 -6
206 V 10 0 -6
206 V 11 0 -6
206 V 12 0 -6
206 V 13 0 -6
206 V 14 0 -6
206 V 15 0 -6
206 V 16 0 -6
206 V 17 0 -6
206 V 18 0 -6
206 V 19 0 -6
206 V 20 0 -6
206 V 21 0 -6
206 V 22 0 -6
206 V 23 0 -6
206 V 24 0 -6
206 V 25 0 -6
207 Q 11
207 V 1 0 -6
207 V 2 0 -6
207 V 3 0 -6
207 V 4 0 -6
207 V 5 0 -6
207 V 6 0 -6
207 V 7 0 -6
207 V 8 0 -6
207 V 9 0 -6
207 V 10 0 -6
207 V 11 0 -6
207 V 12 0 -6
207 V 13 0 -6
207 V 14 0 -6
207 V 15 0 -6
207 V 16 0 -6
207 V 17 0 -6
207 V 18 0 -6
207 V 19 0 -6
207 V 20 0 -6
207 V 21 0 -6
207 V 22 0 -6
207 V 23 0 -6
207 V 24 0 -6
207 V 25 0 -6
208 Q 12
208 T 694
208 V 1 0 -6
208 V 2 0 -6
208 V 3 0 -6
208 V 4 0 -6
208 V 5 0 -6
208 V 6 0 -6
208 V 7 0 -6
208 V 8 0 -6
208 V 9 0 -6
208 V 10 0 -6
208 V 11 0 -6
208 V 12 0 -6
208 V 13 0 -6
208 V 14 0 -6
208 V 15 0 -6
208 V 16 0 -6
208 V 17 0 -6
208 V 18 0 -6
208 V 19 0 -6
208 V 20 0 -6
208 V 21 0 -6
208 V 22 0 -6
208 V 23 0 -6
208 V 24 0 -6
208 V 25 0 -6
209 Q 11
209 V 1 0 -6
209 V 2 0 -6
209 V 3 0 -6
209 V 4 0 -6
209 V 5 0 -6
209 V 6 0 -6
209 V 7 0 -6
209 V 8 0 -6
209 V 9 0 -6
209 V 10 0 -6
209 V 11 0 -6
209 V 12 0 -6
209 V 13 0 -6
209 V 14 0 -6
209 V 15 0 -6
209 V 16 0 -6
209 V 17 0 -6
209 V 18 0 -6
209 V 19 0 -6
209 V 20 0 -6
209 V 21 0 -6
209 V 22 0 -6
209 V 23 0 -6
209 V 24 0 -6
209 V 25 0 -6
210 Q 11
210 V 1 0 -6
210 V 2 0 -6
210 V 3 0 -6
210 V 4 0 -6
210 V 5 0 -6
210 V 6 0 -6
210 V 7 0 -6
210 V 8 0 -6
210 V 9 0 -6
210 V 10 0 -6
210 V 11 0 -6
210 V 12 0 -6
210 V 13 0 -6
210 V 14 0 -6
210 V 15 0 -6
210 V 16 0 -6
210 V 17 0 -6
210 V 18 0 -6
210 V 19 0 -6
210 V 20 0 -6
210 V 21 0 -6
210 V 22 0 -6
210 V 23 0 -6
210 V 24 0 -6
210 V 25 0 -6
211 Q 11
211 V 1 0 -6
211 V 2 0 -6
211 V 3 0 -6
211 V 4 0 -6
211 V 5 0 -6
211 V 6 0 -6
211 V 7 0 -6
211 V 8 0 -6
211 V 9 0 -6
211 V 10 0 -6
211 V 11 0 -6
211 V 12 0 -6
211 V 13 0 -6
211 V 14 0 -6
211 V 15 0 -6
211 V 16 0 -6
211 V 17 0 -6
211 V 18 0 -6
211 V 19 0 -6
211 V 20 0 -6
211 V 21 0 -6
211 V 22 0 -6
211 V 23 0 -6
211 V 24 0 -6
211 V 25 0 -6
212 Q 11
212 V 1 0 -6
212 V 2 0 -6
212 V 3 0 -6
212 V 4 0 -6
212 V 5 0 -6
212 V 6 0 -6
212 V 7 0 -6
212 V 8 0 -6
212 V 9 0 -6
212 V 10 0 -6
212 V 11 0 -6
212 V 12 0 -6
212 V 13 0 -6
212 V 14 0 -6
212 V 15 0 -6
212 V 16 0 -6
212 V 17 0 -6
212 V 18 0 -6
212 V 19 0 -6
212 V 20 0 -6
212 V 21 0 -6
212 V 22 0 -6
212 V 23 0 -6
212 V 24 0 -6
212 V 25 0 -6
213 Q 11
213 V 1 0 -6
213 V 2 0 -6
213 V 3 0 -6
213 V 4 0 -6
213 V 5 0 -6
213 V 6 0 -6
213 V 7 0 -6
213 V 8 0 -6
213 V 9 0 -6
213 V 10 0 -6
213 V 11 0 -6
213 V 12 0 -6
213 V 13 0 -6
213 V 14 0 -6
213 V 15 0 -6
213 V 16 0 -6
213 V 17 0 -6
213 V 18 0 -6
213 V 19 0 -6
213 V 20 0 -6
213 V 21 0 -6
213 V 22 0 -6
213 V 23 0 -6
213 V 24 0 -6
213 V 25 0 -6
214 Q 12
214 V 1 0 -6
214 V 2 0 -6
214 V 3 0 -6
214 V 4 0 -6
214 V 5 0 -6
214 V 6 0 -6
214 V 7 0 -6
214 V 8 0 -6
214 V 9 0 -6
214 V 10 0 -6
214 V 11 0 -6
214 V 12 0 -6
214 V 13 0 -6
214 V 14 0 -6
214 V 15 0 -6
214 V 16 0 -6
214 V 17 0 -6
214 V 18 0 -6
214 V 19 0 -6
214 V 20 0 -6
214 V 21 0 -6
214 V 22 0 -6
214 V 23 0 -6
214 V 24 0 -6
214 V 25 0 -6
215 Q 12
215 V 1 0 -6
215 V 2 0 -6
215 V 3 0 -6
215 V 4 0 -6
215 V 5 0 -6
215 V 6 0 -6
215 V 7 0 -6
215 V 8 0 -6
215 V 9 0 -6
215 V 10 0 -6
215 V 11 0 -6
215 V 12 0 -6
215 V 13 0 -6
215 V 14 0 -6
215 V 15 0 -6
215 V 16 0 -6
215 V 17 0 -6
215 V 18 0 -6
215 V 19 0 -6
215 V 20 0 -6
215 V 21 0 -6
215 V 22 0 -6
215 V 23 0 -6
215 V 24 0 -6
215 V 25 0 -6
