0 R 1 0 0
0 R 2 0 0
0 R 3 0 0
0 R 4 0 0
0 R 5 0 0
0 R 6 0 0
0 R 7 0 0
0 R 8 0 0
0 R 9 0 0
0 R 10 0 0
0 R 11 0 0
0 R 12 0 0
0 R 13 0 0
0 R 14 0 0
0 R 15 0 0
0 R 16 0 0
0 R 17 0 0
0 R 18 0 0
0 R 19 0 0
0 R 20 0 0
0 R 21 0 0
0 R 22 0 0
0 R 23 0 0
0 R 24 0 0
0 R 25 0 0
0 Q 3
0 V 1 0 -60
0 V 2 0 -60
0 V 3 0 -60
0 V 4 0 -60
0 V 5 0 -60
0 V 6 0 -60
0 V 7 0 -60
0 V 8 0 -60
0 V 9 0 -60
0 V 10 0 -60
0 V 11 0 -60
0 V 12 0 -60
0 V 13 0 -60
0 V 14 0 -60
0 V 15 0 -60
0 V 16 0 -60
0 V 17 0 -60
0 V 18 0 -60
0 V 19 0 -60
0 V 20 0 -60
0 V 21 0 -60
0 V 22 0 -60
0 V 23 0 -60
0 V 24 0 -60
0 V 25 0 -60
1 Q 7
1 V 1 0 -60
1 V 2 0 -60
1 V 3 0 -60
1 V 4 0 -60
1 V 5 0 -60
1 V 6 0 -60
1 V 7 0 -60
1 V 8 0 -60
1 V 9 0 -60
1 V 10 0 -60
1 V 11 0 -60
1 V 12 0 -60
1 V 13 0 -60
1 V 14 0 -60
1 V 15 0 -60
1 V 16 0 -60
1 V 17 0 -60
1 V 18 0 -60
1 V 19 0 -60
1 V 20 0 -60
1 V 21 0 -60
1 V 22 0 -60
1 V 23 0 -60
1 V 24 0 -60
1 V 25 0 -60
1 R 1 0 0 0 3 6 12
1 M 1 374
1 R 2 0 0 0 3 6 12 13
1 M 2 382
1 R 1 0 0 0 3 6 7 8 10 11 12 12
1 M 1 441
1 R 1 0 0 0 3 4 3 6 7 8 10 11 12 12
1 M 1 504
1 R 1 0 0 0 3 4 3 3 6 7 8 10 11 12 12 12
1 M 1 691
1 R 4 0 0 3 6 7 8 10 11 12 13
1 M 4 997
2 Q 5
2 P 374 382
2 V 1 0 -60
2 V 1 0 -60
2 V 2 0 -60
2 V 2 0 -60
2 V 3 0 -60
2 V 4 0 -60
2 V 5 0 -60
2 V 6 0 -60
2 V 7 0 -60
2 V 8 0 -60
2 V 9 0 -60
2 V 10 0 -60
2 V 11 0 -60
2 V 12 0 -60
2 V 13 0 -60
2 V 14 0 -60
2 V 15 0 -60
2 V 16 0 -60
2 V 17 0 -60
2 V 18 0 -60
2 V 19 0 -60
2 V 20 0 -60
2 V 21 0 -60
2 V 22 0 -60
2 V 23 0 -60
2 V 24 0 -60
2 V 25 0 -60
2 L 1 2
3 Q 7
3 V 3 0 -60
3 V 5 0 -60
3 V 6 0 -60
3 V 7 0 -60
3 V 8 0 -60
3 V 9 0 -60
3 V 10 0 -60
3 V 11 0 -60
3 V 12 0 -60
3 V 13 0 -60
3 V 14 0 -60
3 V 15 0 -60
3 V 16 0 -60
3 V 17 0 -60
3 V 18 0 -60
3 V 19 0 -60
3 V 20 0 -60
3 V 21 0 -60
3 V 22 0 -60
3 V 23 0 -60
3 V 24 0 -60
3 V 25 0 -60
4 Q 11
4 V 3 0 -60
4 V 5 0 -60
4 V 6 0 -60
4 V 7 0 -60
4 V 8 0 -60
4 V 9 0 -60
4 V 10 0 -60
4 V 11 0 -60
4 V 12 0 -60
4 V 13 0 -60
4 V 14 0 -60
4 V 15 0 -60
4 V 16 0 -60
4 V 17 0 -60
4 V 18 0 -60
4 V 19 0 -60
4 V 20 0 -60
4 V 21 0 -60
4 V 22 0 -60
4 V 23 0 -60
4 V 24 0 -60
4 V 25 0 -60
5 Q 12
5 V 3 0 -60
5 V 5 0 -60
5 V 6 0 -60
5 V 7 0 -60
5 V 8 0 -60
5 V 9 0 -60
5 V 10 0 -60
5 V 11 0 -60
5 V 12 0 -60
5 V 13 0 -60
5 V 14 0 -60
5 V 15 0 -60
5 V 16 0 -60
5 V 17 0 -60
5 V 18 0 -60
5 V 19 0 -60
5 V 20 0 -60
5 V 21 0 -60
5 V 22 0 -60
5 V 23 0 -60
5 V 24 0 -60
5 V 25 0 -60
6 Q 16
6 V 3 0 -60
6 V 5 0 -60
6 V 6 0 -60
6 V 7 0 -60
6 V 8 0 -60
6 V 9 0 -60
6 V 10 0 -60
6 V 11 0 -60
6 V 12 0 -60
6 V 13 0 -60
6 V 14 0 -60
6 V 15 0 -60
6 V 16 0 -60
6 V 17 0 -60
6 V 18 0 -60
6 V 19 0 -60
6 V 20 0 -60
6 V 21 0 -60
6 V 22 0 -60
6 V 23 0 -60
6 V 24 0 -60
6 V 25 0 -60
7 Q 17
7 V 3 0 -60
7 V 5 0 -60
7 V 6 0 -60
7 V 7 0 -60
7 V 8 0 -60
7 V 9 0 -60
7 V 10 0 -60
7 V 11 0 -60
7 V 12 0 -60
7 V 13 0 -60
7 V 14 0 -60
7 V 15 0 -60
7 V 16 0 -60
7 V 17 0 -60
7 V 18 0 -60
7 V 19 0 -60
7 V 20 0 -60
7 V 21 0 -60
7 V 22 0 -60
7 V 23 0 -60
7 V 24 0 -60
7 V 25 0 -60
8 Q 19
8 V 3 0 -60
8 V 5 0 -60
8 V 6 0 -60
8 V 7 0 -60
8 V 8 0 -60
8 V 9 0 -60
8 V 10 0 -60
8 V 11 0 -60
8 V 12 0 -60
8 V 13 0 -60
8 V 14 0 -60
8 V 15 0 -60
8 V 16 0 -60
8 V 17 0 -60
8 V 18 0 -60
8 V 19 0 -60
8 V 20 0 -60
8 V 21 0 -60
8 V 22 0 -60
8 V 23 0 -60
8 V 24 0 -60
8 V 25 0 -60
9 Q 19
9 V 3 0 -60
9 V 5 0 -60
9 V 6 0 -60
9 V 7 0 -60
9 V 8 0 -60
9 V 9 0 -60
9 V 10 0 -60
9 V 11 0 -60
9 V 12 0 -60
9 V 13 0 -60
9 V 14 0 -60
9 V 15 0 -60
9 V 16 0 -60
9 V 17 0 -60
9 V 18 0 -60
9 V 19 0 -60
9 V 20 0 -60
9 V 21 0 -60
9 V 22 0 -60
9 V 23 0 -60
9 V 24 0 -60
9 V 25 0 -60
10 Q 21
10 V 3 0 -60
10 V 5 0 -60
10 V 6 0 -60
10 V 7 0 -60
10 V 8 0 -60
10 V 9 0 -60
10 V 10 0 -60
10 V 11 0 -60
10 V 12 0 -60
10 V 13 0 -60
10 V 14 0 -60
10 V 15 0 -60
10 V 16 0 -60
10 V 17 0 -60
10 V 18 0 -60
10 V 19 0 -60
10 V 20 0 -60
10 V 21 0 -60
10 V 22 0 -60
10 V 23 0 -60
10 V 24 0 -60
10 V 25 0 -60
11 Q 26
11 V 3 0 -60
11 V 5 0 -60
11 V 6 0 -60
11 V 7 0 -60
11 V 8 0 -60
11 V 9 0 -60
11 V 10 0 -60
11 V 11 0 -60
11 V 12 0 -60
11 V 13 0 -60
11 V 14 0 -60
11 V 15 0 -60
11 V 16 0 -60
11 V 17 0 -60
11 V 18 0 -60
11 V 19 0 -60
11 V 20 0 -60
11 V 21 0 -60
11 V 22 0 -60
11 V 23 0 -60
11 V 24 0 -60
11 V 25 0 -60
12 Q 29
12 V 3 0 -60
12 V 5 0 -60
12 V 6 0 -60
12 V 7 0 -60
12 V 8 0 -60
12 V 9 0 -60
12 V 10 0 -60
12 V 11 0 -60
12 V 12 0 -60
12 V 13 0 -60
12 V 14 0 -60
12 V 15 0 -60
12 V 16 0 -60
12 V 17 0 -60
12 V 18 0 -60
12 V 19 0 -60
12 V 20 0 -60
12 V 21 0 -60
12 V 22 0 -60
12 V 23 0 -60
12 V 24 0 -60
12 V 25 0 -60
13 Q 32
13 V 3 0 -60
13 V 5 0 -60
13 V 6 0 -60
13 V 7 0 -60
13 V 8 0 -60
13 V 9 0 -60
13 V 10 0 -60
13 V 11 0 -60
13 V 12 0 -60
13 V 13 0 -60
13 V 14 0 -60
13 V 15 0 -60
13 V 16 0 -60
13 V 17 0 -60
13 V 18 0 -60
13 V 19 0 -60
13 V 20 0 -60
13 V 21 0 -60
13 V 22 0 -60
13 V 23 0 -60
13 V 24 0 -60
13 V 25 0 -60
14 Q 33
14 V 3 0 -60
14 V 5 0 -60
14 V 6 0 -60
14 V 7 0 -60
14 V 8 0 -60
14 V 9 0 -60
14 V 10 0 -60
14 V 11 0 -60
14 V 12 0 -60
14 V 13 0 -60
14 V 14 0 -60
14 V 15 0 -60
14 V 16 0 -60
14 V 17 0 -60
14 V 18 0 -60
14 V 19 0 -60
14 V 20 0 -60
14 V 21 0 -60
14 V 22 0 -60
14 V 23 0 -60
14 V 24 0 -60
14 V 25 0 -60
15 Q 33
15 V 3 0 -60
15 V 5 0 -60
15 V 6 0 -60
15 V 7 0 -60
15 V 8 0 -60
15 V 9 0 -60
15 V 10 0 -60
15 V 11 0 -60
15 V 12 0 -60
15 V 13 0 -60
15 V 14 0 -60
15 V 15 0 -60
15 V 16 0 -60
15 V 17 0 -60
15 V 18 0 -60
15 V 19 0 -60
15 V 20 0 -60
15 V 21 0 -60
15 V 22 0 -60
15 V 23 0 -60
15 V 24 0 -60
15 V 25 0 -60
16 Q 35
16 V 3 0 -60
16 V 5 0 -60
16 V 6 0 -60
16 V 7 0 -60
16 V 8 0 -60
16 V 9 0 -60
16 V 10 0 -60
16 V 11 0 -60
16 V 12 0 -60
16 V 13 0 -60
16 V 14 0 -60
16 V 15 0 -60
16 V 16 0 -60
16 V 17 0 -60
16 V 18 0 -60
16 V 19 0 -60
16 V 20 0 -60
16 V 21 0 -60
16 V 22 0 -60
16 V 23 0 -60
16 V 24 0 -60
16 V 25 0 -60
17 Q 37
17 V 3 0 -60
17 V 5 0 -60
17 V 6 0 -60
17 V 7 0 -60
17 V 8 0 -60
17 V 9 0 -60
17 V 10 0 -60
17 V 11 0 -60
17 V 12 0 -60
17 V 13 0 -60
17 V 14 0 -60
17 V 15 0 -60
17 V 16 0 -60
17 V 17 0 -60
17 V 18 0 -60
17 V 19 0 -60
17 V 20 0 -60
17 V 21 0 -60
17 V 22 0 -60
17 V 23 0 -60
17 V 24 0 -60
17 V 25 0 -60
18 Q 41
18 V 3 0 -60
18 V 5 0 -60
18 V 6 0 -60
18 V 7 0 -60
18 V 8 0 -60
18 V 9 0 -60
18 V 10 0 -60
18 V 11 0 -60
18 V 12 0 -60
18 V 13 0 -60
18 V 14 0 -60
18 V 15 0 -60
18 V 16 0 -60
18 V 17 0 -60
18 V 18 0 -60
18 V 19 0 -60
18 V 20 0 -60
18 V 21 0 -60
18 V 22 0 -60
18 V 23 0 -60
18 V 24 0 -60
18 V 25 0 -60
19 Q 42
19 V 3 0 -60
19 V 5 0 -60
19 V 6 0 -60
19 V 7 0 -60
19 V 8 0 -60
19 V 9 0 -60
19 V 10 0 -60
19 V 11 0 -60
19 V 12 0 -60
19 V 13 0 -60
19 V 14 0 -60
19 V 15 0 -60
19 V 16 0 -60
19 V 17 0 -60
19 V 18 0 -60
19 V 19 0 -60
19 V 20 0 -60
19 V 21 0 -60
19 V 22 0 -60
19 V 23 0 -60
19 V 24 0 -60
19 V 25 0 -60
20 Q 44
20 V 3 0 -60
20 V 5 0 -60
20 V 6 0 -60
20 V 7 0 -60
20 V 8 0 -60
20 V 9 0 -60
20 V 10 0 -60
20 V 11 0 -60
20 V 12 0 -60
20 V 13 0 -60
20 V 14 0 -60
20 V 15 0 -60
20 V 16 0 -60
20 V 17 0 -60
20 V 18 0 -60
20 V 19 0 -60
20 V 20 0 -60
20 V 21 0 -60
20 V 22 0 -60
20 V 23 0 -60
20 V 24 0 -60
20 V 25 0 -60
21 Q 45
21 V 1 3 -54
21 V 2 3 -54
21 V 3 0 -60
21 V 4 3 -54
21 V 5 0 -60
21 V 6 0 -60
21 V 7 0 -60
21 V 8 0 -60
21 V 9 0 -60
21 V 10 0 -60
21 V 11 0 -60
21 V 12 0 -60
21 V 13 0 -60
21 V 14 0 -60
21 V 15 0 -60
21 V 16 0 -60
21 V 17 0 -60
21 V 18 0 -60
21 V 19 0 -60
21 V 20 0 -60
21 V 21 0 -60
21 V 22 0 -60
21 V 23 0 -60
21 V 24 0 -60
21 V 25 0 -60
22 Q 47
22 V 3 0 -60
22 V 5 0 -60
22 V 6 0 -60
22 V 7 0 -60
22 V 8 0 -60
22 V 9 0 -60
22 V 10 0 -60
22 V 11 0 -60
22 V 12 0 -60
22 V 13 0 -60
22 V 14 0 -60
22 V 15 0 -60
22 V 16 0 -60
22 V 17 0 -60
22 V 18 0 -60
22 V 19 0 -60
22 V 20 0 -60
22 V 21 0 -60
22 V 22 0 -60
22 V 23 0 -60
22 V 24 0 -60
22 V 25 0 -60
23 Q 51
23 V 3 0 -60
23 V 5 0 -60
23 V 6 0 -60
23 V 7 0 -60
23 V 8 0 -60
23 V 9 0 -60
23 V 10 0 -60
23 V 11 0 -60
23 V 12 0 -60
23 V 13 0 -60
23 V 14 0 -60
23 V 15 0 -60
23 V 16 0 -60
23 V 17 0 -60
23 V 18 0 -60
23 V 19 0 -60
23 V 20 0 -60
23 V 21 0 -60
23 V 22 0 -60
23 V 23 0 -60
23 V 24 0 -60
23 V 25 0 -60
24 Q 54
24 V 3 0 -60
24 V 5 0 -60
24 V 6 0 -60
24 V 7 0 -60
24 V 8 0 -60
24 V 9 0 -60
24 V 10 0 -60
24 V 11 0 -60
24 V 12 0 -60
24 V 13 0 -60
24 V 14 0 -60
24 V 15 0 -60
24 V 16 0 -60
24 V 17 0 -60
24 V 18 0 -60
24 V 19 0 -60
24 V 20 0 -60
24 V 21 0 -60
24 V 22 0 -60
24 V 23 0 -60
24 V 24 0 -60
24 V 25 0 -60
25 Q 58
25 V 3 0 -60
25 V 5 0 -60
25 V 6 0 -60
25 V 7 0 -60
25 V 8 0 -60
25 V 9 0 -60
25 V 10 0 -60
25 V 11 0 -60
25 V 12 0 -60
25 V 13 0 -60
25 V 14 0 -60
25 V 15 0 -60
25 V 16 0 -60
25 V 17 0 -60
25 V 18 0 -60
25 V 19 0 -60
25 V 20 0 -60
25 V 21 0 -60
25 V 22 0 -60
25 V 23 0 -60
25 V 24 0 -60
25 V 25 0 -60
26 Q 60
26 V 3 0 -60
26 V 5 0 -60
26 V 6 0 -60
26 V 7 0 -60
26 V 8 0 -60
26 V 9 0 -60
26 V 10 0 -60
26 V 11 0 -60
26 V 12 0 -60
26 V 13 0 -60
26 V 14 0 -60
26 V 15 0 -60
26 V 16 0 -60
26 V 17 0 -60
26 V 18 0 -60
26 V 19 0 -60
26 V 20 0 -60
26 V 21 0 -60
26 V 22 0 -60
26 V 23 0 -60
26 V 24 0 -60
26 V 25 0 -60
27 Q 63
27 V 3 0 -60
27 V 5 0 -60
27 V 6 0 -60
27 V 7 0 -60
27 V 8 0 -60
27 V 9 0 -60
27 V 10 0 -60
27 V 11 0 -60
27 V 12 0 -60
27 V 13 0 -60
27 V 14 0 -60
27 V 15 0 -60
27 V 16 0 -60
27 V 17 0 -60
27 V 18 0 -60
27 V 19 0 -60
27 V 20 0 -60
27 V 21 0 -60
27 V 22 0 -60
27 V 23 0 -60
27 V 24 0 -60
27 V 25 0 -60
28 Q 67
28 P 504
28 V 1 4 -18
28 V 3 0 -60
28 V 5 0 -60
28 V 6 0 -60
28 V 7 0 -60
28 V 8 0 -60
28 V 9 0 -60
28 V 10 0 -60
28 V 11 0 -60
28 V 12 0 -60
28 V 13 0 -60
28 V 14 0 -60
28 V 15 0 -60
28 V 16 0 -60
28 V 17 0 -60
28 V 18 0 -60
28 V 19 0 -60
28 V 20 0 -60
28 V 21 0 -60
28 V 22 0 -60
28 V 23 0 -60
28 V 24 0 -60
28 V 25 0 -60
28 L 1
29 Q 67
29 V 3 0 -60
29 V 5 0 -60
29 V 6 0 -60
29 V 7 0 -60
29 V 8 0 -60
29 V 9 0 -60
29 V 10 0 -60
29 V 11 0 -60
29 V 12 0 -60
29 V 13 0 -60
29 V 14 0 -60
29 V 15 0 -60
29 V 16 0 -60
29 V 17 0 -60
29 V 18 0 -60
29 V 19 0 -60
29 V 20 0 -60
29 V 21 0 -60
29 V 22 0 -60
29 V 23 0 -60
29 V 24 0 -60
29 V 25 0 -60
30 Q 71
30 V 3 0 -60
30 V 5 0 -60
30 V 6 0 -60
30 V 7 0 -60
30 V 8 0 -60
30 V 9 0 -60
30 V 10 0 -60
30 V 11 0 -60
30 V 12 0 -60
30 V 13 0 -60
30 V 14 0 -60
30 V 15 0 -60
30 V 16 0 -60
30 V 17 0 -60
30 V 18 0 -60
30 V 19 0 -60
30 V 20 0 -60
30 V 21 0 -60
30 V 22 0 -60
30 V 23 0 -60
30 V 24 0 -60
30 V 25 0 -60
30 R 1 4 3 3 3 3 6 7 8 10 11 12 12 12 12
30 M 1 31
30 R 3 0 0 3 4 3
30 M 3 84
30 R 4 3 6 7 7 8 10 11 12 13 13
30 M 4 89
30 R 2 3 6 7 8 10 11 12 13 13
30 M 2 101
30 R 8 0 0 3 6 12
30 M 8 119
30 R 4 3 6 7 7 7 6 12 13 13
30 M 4 121
31 Q 68
31 V 3 0 -60
31 V 5 0 -60
31 V 6 0 -60
31 V 7 0 -60
31 V 8 0 -60
31 V 9 0 -60
31 V 10 0 -60
31 V 11 0 -60
31 V 12 0 -60
31 V 13 0 -60
31 V 14 0 -60
31 V 15 0 -60
31 V 16 0 -60
31 V 17 0 -60
31 V 18 0 -60
31 V 19 0 -60
31 V 20 0 -60
31 V 21 0 -60
31 V 22 0 -60
31 V 23 0 -60
31 V 24 0 -60
31 V 25 0 -60
31 R 8 0 3 3 3 6 12 13 13
31 M 8 159
31 R 8 0 3 3 3 0 3 6 12 12 13
31 M 8 238
31 R 8 0 3 3 3 0 3 6 12 12 12 13
31 M 8 287
31 R 4 3 6 7 7 7 6 4 6 12 13 13
31 M 4 296
31 R 5 0 0 0 3 6 12 13
31 M 5 362
31 R 5 0 0 0 3 4 3 6 12 13
31 M 5 388
31 R 5 0 0 0 0 3 4 3 6 12 13
31 M 5 426
31 R 6 0 0 3 4 3
31 M 6 456
31 R 7 0 0 0 3 6 12
31 M 7 458
31 R 2 3 6 7 7 8 10 11 12 13 13 13
31 M 2 461
31 R 7 0 0 0 3 4 6 12 13
31 M 7 464
31 R 5 0 0 0 0 3 4 3 3 6 12 13
31 M 5 487
31 R 7 0 0 0 3 4 4 6 12 12 13
31 M 7 532
31 R 3 0 3 4 3 3 6 12 13 13
31 M 3 555
31 R 6 0 0 3 4 4 3 3
31 M 6 556
31 R 6 0 0 0 3 4 4 3 3 6 7
31 M 6 570
31 R 6 0 0 0 3 4 4 4 3 3 6 7 8 10 11 12 13
31 M 6 580
31 R 13 0 0 0 3
31 M 13 582
31 R 3 0 3 4 3 3 3 6 12 13 13
31 M 3 615
31 R 9 0 0 0 1 2
31 M 9 618
31 R 9 0 0 0 1 2 3 6 7 8 10
31 M 9 681
31 R 13 0 0 0 0 3 3
31 M 13 698
31 R 13 0 0 0 0 3 3 3 6 12
31 M 13 703
31 R 2 3 6 7 7 7 8 10 11 12 13 13 13
31 M 2 709
31 R 3 0 3 4 4 3 3 3 6 12 13 13
31 M 3 720
31 R 10 0 0 3 6 7 8 10 11 12
31 M 10 749
31 R 10 0 0 3 4 6 7 8 10 11 12 13
31 M 10 760
31 R 7 0 0 0 0 3 4 4 6 12 12 13
31 M 7 778
31 R 10 0 0 0 1 2 3 4 6 7 8 10 11 12 13
31 M 10 798
31 R 10 0 0 0 0 1 2 3 4 6 7 8 10 11 12 12 13
31 M 10 834
31 R 9 0 0 0 0 1 2 3 6 7 8 10
31 M 9 874
31 R 13 0 0 0 0 3 3 3 4 6 12 13
31 M 13 884
31 R 9 0 0 0 0 1 2 3 6 7 7 6 3 6 7 8 10
31 M 9 901
31 R 11 0 0 0 3 6 12 13
31 M 11 926
31 R 11 0 0 0 3 6 12 13
31 M 11 931
31 R 11 0 0 0 3 4 6 12 12 13
31 M 11 932
31 R 11 0 0 0 0 3 4 6 12 12 12 13
31 M 11 934
31 R 12 0 0 3 4 3 0
31 M 12 936
31 R 14 0 0 3 6 7 8 10 11 12
31 M 14 945
31 R 12 0 0 3 4 3 0 0 3 6 12 13
31 M 12 966
31 R 12 0 0 3 4 3 0 0 0 3 6 12 13
31 M 12 990
32 Q 29
32 P 362 426 570 458 778 618 874 798 834 926 934 582 698
32 V 5 0 -60
32 V 5 0 -60
32 V 5 0 -60
32 V 6 0 -60
32 V 6 0 -60
32 V 7 0 -60
32 V 7 0 -60
32 V 7 0 -60
32 V 9 0 -60
32 V 9 0 -60
32 V 9 0 -60
32 V 10 0 -60
32 V 10 0 -60
32 V 10 0 -60
32 V 11 0 -60
32 V 11 0 -60
32 V 11 0 -60
32 V 12 0 -60
32 V 13 0 -60
32 V 13 0 -60
32 V 13 0 -60
32 V 14 0 -60
32 V 15 0 -60
32 V 16 0 -60
32 V 17 0 -60
32 V 18 0 -60
32 V 19 0 -60
32 V 20 0 -60
32 V 21 0 -60
32 V 22 0 -60
32 V 23 0 -60
32 V 24 0 -60
32 V 25 0 -60
32 L 5 5 6 7 7 9 9 10 10 11 11 13 13
33 Q 31
33 V 15 0 -60
33 V 16 0 -60
33 V 17 0 -60
33 V 18 0 -60
33 V 19 0 -60
33 V 20 0 -60
33 V 21 0 -60
33 V 22 0 -60
33 V 23 0 -60
33 V 24 0 -60
33 V 25 0 -60
34 Q 35
34 V 15 0 -60
34 V 16 0 -60
34 V 17 0 -60
34 V 18 0 -60
34 V 19 0 -60
34 V 20 0 -60
34 V 21 0 -60
34 V 22 0 -60
34 V 23 0 -60
34 V 24 0 -60
34 V 25 0 -60
35 Q 38
35 V 2 6 -12
35 V 4 6 -12
35 V 15 0 -60
35 V 16 0 -60
35 V 17 0 -60
35 V 18 0 -60
35 V 19 0 -60
35 V 20 0 -60
35 V 21 0 -60
35 V 22 0 -60
35 V 23 0 -60
35 V 24 0 -60
35 V 25 0 -60
36 Q 39
36 P 691 31
36 D 504
36 V 1 3 -42
36 V 1 3 -42
36 V 1 3 -42
36 V 1 3 -42
36 V 15 0 -60
36 V 16 0 -60
36 V 17 0 -60
36 V 18 0 -60
36 V 19 0 -60
36 V 20 0 -60
36 V 21 0 -60
36 V 22 0 -60
36 V 23 0 -60
36 V 24 0 -60
36 V 25 0 -60
36 L -1 1 1
37 Q 43
37 V 15 0 -60
37 V 16 0 -60
37 V 17 0 -60
37 V 18 0 -60
37 V 19 0 -60
37 V 20 0 -60
37 V 21 0 -60
37 V 22 0 -60
37 V 23 0 -60
37 V 24 0 -60
37 V 25 0 -60
38 Q 47
38 V 15 0 -60
38 V 16 0 -60
38 V 17 0 -60
38 V 18 0 -60
38 V 19 0 -60
38 V 20 0 -60
38 V 21 0 -60
38 V 22 0 -60
38 V 23 0 -60
38 V 24 0 -60
38 V 25 0 -60
39 Q 50
39 V 15 0 -60
39 V 16 0 -60
39 V 17 0 -60
39 V 18 0 -60
39 V 19 0 -60
39 V 20 0 -60
39 V 21 0 -60
39 V 22 0 -60
39 V 23 0 -60
39 V 24 0 -60
39 V 25 0 -60
40 Q 50
40 V 15 0 -60
40 V 16 0 -60
40 V 17 0 -60
40 V 18 0 -60
40 V 19 0 -60
40 V 20 0 -60
40 V 21 0 -60
40 V 22 0 -60
40 V 23 0 -60
40 V 24 0 -60
40 V 25 0 -60
41 Q 54
41 V 15 0 -60
41 V 16 0 -60
41 V 17 0 -60
41 V 18 0 -60
41 V 19 0 -60
41 V 20 0 -60
41 V 21 0 -60
41 V 22 0 -60
41 V 23 0 -60
41 V 24 0 -60
41 V 25 0 -60
42 Q 58
42 P 101 461 709 997 89 121
42 V 2 7 -36
42 V 2 7 -36
42 V 2 7 -36
42 V 4 7 -36
42 V 4 7 -36
42 V 4 7 -36
42 V 15 0 -60
42 V 16 0 -60
42 V 17 0 -60
42 V 18 0 -60
42 V 19 0 -60
42 V 20 0 -60
42 V 21 0 -60
42 V 22 0 -60
42 V 23 0 -60
42 V 24 0 -60
42 V 25 0 -60
42 L 2 2 2 4 4 4
43 Q 60
43 V 15 0 -60
43 V 16 0 -60
43 V 17 0 -60
43 V 18 0 -60
43 V 19 0 -60
43 V 20 0 -60
43 V 21 0 -60
43 V 22 0 -60
43 V 23 0 -60
43 V 24 0 -60
43 V 25 0 -60
44 Q 62
44 V 15 0 -60
44 V 16 0 -60
44 V 17 0 -60
44 V 18 0 -60
44 V 19 0 -60
44 V 20 0 -60
44 V 21 0 -60
44 V 22 0 -60
44 V 23 0 -60
44 V 24 0 -60
44 V 25 0 -60
45 Q 62
45 V 9 1 -30
45 V 10 1 -30
45 V 15 0 -60
45 V 16 0 -60
45 V 17 0 -60
45 V 18 0 -60
45 V 19 0 -60
45 V 20 0 -60
45 V 21 0 -60
45 V 22 0 -60
45 V 23 0 -60
45 V 24 0 -60
45 V 25 0 -60
46 Q 67
46 V 15 0 -60
46 V 16 0 -60
46 V 17 0 -60
46 V 18 0 -60
46 V 19 0 -60
46 V 20 0 -60
46 V 21 0 -60
46 V 22 0 -60
46 V 23 0 -60
46 V 24 0 -60
46 V 25 0 -60
47 Q 68
47 V 15 0 -60
47 V 16 0 -60
47 V 17 0 -60
47 V 18 0 -60
47 V 19 0 -60
47 V 20 0 -60
47 V 21 0 -60
47 V 22 0 -60
47 V 23 0 -60
47 V 24 0 -60
47 V 25 0 -60
48 Q 74
48 D 121
48 V 4 6 0
48 V 15 0 -60
48 V 16 0 -60
48 V 17 0 -60
48 V 18 0 -60
48 V 19 0 -60
48 V 20 0 -60
48 V 21 0 -60
48 V 22 0 -60
48 V 23 0 -60
48 V 24 0 -60
48 V 25 0 -60
48 L -4
49 Q 77
49 D 618 798
49 V 9 2 -30
49 V 10 2 -30
49 V 15 0 -60
49 V 16 0 -60
49 V 17 0 -60
49 V 18 0 -60
49 V 19 0 -60
49 V 20 0 -60
49 V 21 0 -60
49 V 22 0 -60
49 V 23 0 -60
49 V 24 0 -60
49 V 25 0 -60
49 L -9 -10
50 Q 78
50 P 119 159
50 V 1 6 0
50 V 3 3 -54
50 V 8 3 -54
50 V 8 3 -54
50 V 8 3 -54
50 V 15 0 -60
50 V 16 0 -60
50 V 17 0 -60
50 V 18 0 -60
50 V 19 0 -60
50 V 20 0 -60
50 V 21 0 -60
50 V 22 0 -60
50 V 23 0 -60
50 V 24 0 -60
50 V 25 0 -60
50 L 8 8
51 Q 82
51 P 931 703
51 D 426 778 698 582
51 V 2 8 -36
51 V 5 3 -54
51 V 6 3 -54
51 V 7 3 -54
51 V 11 3 -54
51 V 12 3 -54
51 V 13 3 -54
51 V 13 3 -54
51 V 13 3 -54
51 V 14 3 -54
51 V 15 0 -60
51 V 16 0 -60
51 V 17 0 -60
51 V 18 0 -60
51 V 19 0 -60
51 V 20 0 -60
51 V 21 0 -60
51 V 22 0 -60
51 V 23 0 -60
51 V 24 0 -60
51 V 25 0 -60
51 L -5 -7 11 -13 -13 13
52 Q 84
52 V 15 0 -60
52 V 16 0 -60
52 V 17 0 -60
52 V 18 0 -60
52 V 19 0 -60
52 V 20 0 -60
52 V 21 0 -60
52 V 22 0 -60
52 V 23 0 -60
52 V 24 0 -60
52 V 25 0 -60
53 Q 86
53 V 15 0 -60
53 V 16 0 -60
53 V 17 0 -60
53 V 18 0 -60
53 V 19 0 -60
53 V 20 0 -60
53 V 21 0 -60
53 V 22 0 -60
53 V 23 0 -60
53 V 24 0 -60
53 V 25 0 -60
54 Q 86
54 V 15 0 -60
54 V 16 0 -60
54 V 17 0 -60
54 V 18 0 -60
54 V 19 0 -60
54 V 20 0 -60
54 V 21 0 -60
54 V 22 0 -60
54 V 23 0 -60
54 V 24 0 -60
54 V 25 0 -60
55 Q 91
55 D 874
55 V 9 3 -42
55 V 10 3 -42
55 V 15 0 -60
55 V 16 0 -60
55 V 17 0 -60
55 V 18 0 -60
55 V 19 0 -60
55 V 20 0 -60
55 V 21 0 -60
55 V 22 0 -60
55 V 23 0 -60
55 V 24 0 -60
55 V 25 0 -60
55 L -9
56 Q 93
56 V 15 0 -60
56 V 16 0 -60
56 V 17 0 -60
56 V 18 0 -60
56 V 19 0 -60
56 V 20 0 -60
56 V 21 0 -60
56 V 22 0 -60
56 V 23 0 -60
56 V 24 0 -60
56 V 25 0 -60
57 Q 96
57 P 441 84 720 296
57 V 1 7 -24
57 V 3 4 -18
57 V 3 4 -18
57 V 4 4 -48
57 V 15 0 -60
57 V 16 0 -60
57 V 17 0 -60
57 V 18 0 -60
57 V 19 0 -60
57 V 20 0 -60
57 V 21 0 -60
57 V 22 0 -60
57 V 23 0 -60
57 V 24 0 -60
57 V 25 0 -60
57 L 1 3 3 4
58 Q 99
58 P 388 456 556 580 464 532 932 936 884
58 V 5 4 -18
58 V 6 4 -18
58 V 6 4 -18
58 V 6 4 -18
58 V 7 4 -18
58 V 7 4 -18
58 V 11 4 -18
58 V 12 4 -18
58 V 13 4 -18
58 V 15 0 -60
58 V 16 0 -60
58 V 17 0 -60
58 V 18 0 -60
58 V 19 0 -60
58 V 20 0 -60
58 V 21 0 -60
58 V 22 0 -60
58 V 23 0 -60
58 V 24 0 -60
58 V 25 0 -60
58 L 5 6 6 6 7 7 11 12 13
59 Q 100
59 V 15 0 -60
59 V 16 0 -60
59 V 17 0 -60
59 V 18 0 -60
59 V 19 0 -60
59 V 20 0 -60
59 V 21 0 -60
59 V 22 0 -60
59 V 23 0 -60
59 V 24 0 -60
59 V 25 0 -60
60 Q 102
60 V 15 0 -60
60 V 16 0 -60
60 V 17 0 -60
60 V 18 0 -60
60 V 19 0 -60
60 V 20 0 -60
60 V 21 0 -60
60 V 22 0 -60
60 V 23 0 -60
60 V 24 0 -60
60 V 25 0 -60
60 R 6 4 3 3 3 6 7 7 6 3 6 12 13
60 M 6 37
60 R 6 4 3 3 3 6 7 7 7 6 3 3 6 12 13
60 M 6 69
60 R 12 4 3 0 0 0 0 1 3 6 12 13
60 M 12 70
60 R 12 4 3 0 0 0 0 1 4 3 3 6 12 13
60 M 12 76
60 R 5 4 3 3 3 0 3 6 12 13 13
60 M 5 114
60 R 5 4 3 3 3 0 0 3 6 12 13 13
60 M 5 134
60 R 10 3 4 4 6 7 7 6 3 6 12 12 13
60 M 10 157
60 R 15 0 0 0 3 4 5
60 M 15 166
60 R 9 3 6 7 7 6 3 3 6 7 8 10 11 12
60 M 9 167
61 Q 93
61 T 34
61 P 166
61 V 15 0 -60
61 V 15 0 -60
61 V 16 0 -60
61 V 17 0 -60
61 V 18 0 -60
61 V 19 0 -60
61 V 20 0 -60
61 V 21 0 -60
61 V 22 0 -60
61 V 23 0 -60
61 V 24 0 -60
61 V 25 0 -60
61 L 15
61 R 17 0 0 3 6 9
61 M 17 187
61 R 18 0 0 0 3 6 12 13
61 M 18 190
61 R 9 3 6 7 7 7 6 3 3 6 7 8 10 11 12
61 M 9 241
61 R 15 0 3 4 5 4 3 0 0
61 M 15 244
61 R 15 0 3 4 5 4 4 1 0
61 M 15 256
61 R 13 4 6 7 6 3 6 12 13
61 M 13 277
61 R 3 4 3 3 3 3 3 6 12 13 13 13
61 M 3 279
61 R 10 3 4 4 6 7 7 6 3 3 6 7 8 10 11 12 12 13
61 M 10 303
61 R 13 4 6 7 6 3 4 6 12 12 13
61 M 13 312
61 R 17 0 0 3 3 6 9 6 12 13
61 M 17 315
61 R 19 0 0 0 3 4 5
61 M 19 338
61 R 15 0 3 4 5 4 4 1 0 0 3
61 M 15 350
61 R 20 0 0 3 4 3
61 M 20 364
61 R 13 4 6 7 6 3 4 4 6 12 12 12 13
61 M 13 372
61 R 18 0 0 0 3 6 12 13 13
61 M 18 387
61 R 18 0 0 0 3 3 6 12 13 13
61 M 18 391
61 R 14 3 6 7 7 8 10 11 12 13
61 M 14 393
61 R 11 4 6 7 8 10 11 12 12 12 13 13
61 M 11 405
61 R 19 0 0 0 3 4 5 6 7 8 10
61 M 19 420
61 R 11 4 6 7 7 8 10 11 12 12 12 13 13
61 M 11 421
61 R 19 0 0 0 0 3 4 5 6 7 8 10
61 M 19 422
61 R 7 4 6 3 6 12 12 13 13
61 M 7 495
61 R 18 0 0 0 3 3 3 6 12 13 13 13
61 M 18 503
61 R 15 0 3 4 5 4 4 1 0 0 0 3 3
61 M 15 554
61 R 17 0 0 3 3 4 6 9 6 12 13 13
61 M 17 576
61 R 20 0 0 3 4 3 6 7 8 10 11 12
61 M 20 581
61 R 21 0 0 3 4 3
61 M 21 588
61 R 21 0 0 3 4 4 3 6 7
61 M 21 592
61 R 7 4 6 3 4 6 12 12 12 13 13
61 M 7 620
61 R 7 4 6 3 4 4 6 12 12 12 13 13 13
61 M 7 632
61 R 14 3 6 7 7 7 6 12 13
61 M 14 633
61 R 20 0 0 0 3 4 3 6 7 8 10 11 12 12
61 M 20 666
61 R 20 0 0 0 0 3 4 3 6 7 8 10 11 12 12 12
61 M 20 690
61 R 21 0 0 3 4 4 3 6 7 7 6 3
61 M 21 701
61 R 17 0 0 0 3 3 4 4 6 9 6 12 13 13
61 M 17 718
61 R 21 0 0 3 4 4 3 6 7 7 7 6 5 4 3
61 M 21 733
61 R 19 0 0 0 0 0 3 4 4 5 6 7 8 10
61 M 19 762
61 R 22 0 0 3 4 6 12 13
61 M 22 792
61 R 22 0 0 0 3 4 6 12 13
61 M 22 794
61 R 23 0 0 3 6 7 6 3
61 M 23 797
61 R 24 0 0 3 6 7 6 3
61 M 24 809
61 R 22 0 0 0 3 4 6 12 12 13
61 M 22 839
61 R 23 0 0 3 6 7 7 6 3 3
61 M 23 853
61 R 22 0 0 0 0 3 4 6 12 12 13 13
61 M 22 854
61 R 24 0 0 3 6 7 6 3 3 6 12 13
61 M 24 915
61 R 24 0 0 3 6 7 6 3 3 3 6 12 13
61 M 24 939
61 R 24 0 0 0 3 6 7 6 3 3 3 6 12 12 13
61 M 24 942
61 R 4 4 6 7 8 10 11 12 13 13 13
61 M 4 969
61 R 16 0 0 0 3 6 7 8 10 11
61 M 16 994
62 Q 45
62 P 760 994 718 190 338 422 762 666 690 794 854 942
62 V 10 4 -6
62 V 10 4 -6
62 V 16 0 -60
62 V 16 0 -60
62 V 17 0 -60
62 V 17 0 -60
62 V 18 0 -60
62 V 18 0 -60
62 V 19 0 -60
62 V 19 0 -60
62 V 19 0 -60
62 V 19 0 -60
62 V 20 0 -60
62 V 20 0 -60
62 V 20 0 -60
62 V 21 0 -60
62 V 22 0 -60
62 V 22 0 -60
62 V 22 0 -60
62 V 23 0 -60
62 V 24 0 -60
62 V 24 0 -60
62 V 25 0 -60
62 L 10 16 17 18 19 19 19 20 20 22 22 24
63 Q 48
63 T 713 1000
63 V 25 0 -60
64 Q 46
64 T 270
64 V 25 0 -60
65 Q 50
65 T 724
65 P 555 615 279
65 D 84
65 V 3 3 -42
65 V 3 3 -42
65 V 3 3 -42
65 V 3 3 -42
65 V 3 3 -42
65 V 4 6 -36
65 V 14 6 -12
65 V 25 0 -60
65 L -3 3 3 3
66 Q 54
66 T 868
66 P 487
66 D 388 556 456
66 V 1 8 -24
66 V 5 3 -42
66 V 5 3 -42
66 V 5 3 -42
66 V 6 3 -42
66 V 6 3 -42
66 V 6 3 -42
66 V 7 6 -6
66 V 11 6 -6
66 V 12 3 -42
66 V 13 6 -6
66 V 25 0 -60
66 L -5 5 -6 -6
67 Q 55
67 T 38
67 V 25 0 -60
68 Q 56
68 V 2 10 -42
68 V 25 0 -60
69 Q 60
69 T 318
69 P 238
69 V 8 0 -48
69 V 9 6 0
69 V 25 0 -60
69 L 8
70 Q 63
70 V 25 0 -60
71 Q 64
71 P 969
71 V 4 7 0
71 V 10 6 -54
71 V 25 0 -60
71 L 4
72 Q 68
72 P 945 393 633
72 V 14 7 -36
72 V 14 7 -36
72 V 14 7 -36
72 V 25 0 -60
72 L 14 14 14
73 Q 70
73 T 960
73 P 405 421 277
73 V 11 7 -30
73 V 11 7 -30
73 V 13 7 -30
73 V 25 0 -60
73 L 11 11 13
74 Q 70
74 T 912
74 V 25 0 -60
75 Q 73
75 T 694
75 V 2 11 -24
75 V 25 0 -60
76 Q 75
76 P 681 901 241
76 V 9 7 -24
76 V 9 7 -24
76 V 9 7 -24
76 V 25 0 -60
76 L 9 9 9
77 Q 77
77 T 813
77 P 749 157
77 V 10 7 -18
77 V 10 7 -18
77 V 25 0 -60
77 L 10 10
78 Q 77
78 D 633
78 V 14 6 0
78 V 25 0 -60
78 L -14
79 Q 80
79 T 451 553 648
79 V 3 6 0
79 V 25 0 -60
80 Q 79
80 V 4 8 0
80 V 6 6 0
80 V 13 6 -54
80 V 15 3 -54
80 V 25 0 -60
81 Q 82
81 P 495 187 315 387 391 503 839
81 V 7 3 -24
81 V 16 3 -54
81 V 17 3 -54
81 V 17 3 -54
81 V 18 3 -54
81 V 18 3 -54
81 V 18 3 -54
81 V 19 3 -54
81 V 20 3 -54
81 V 21 3 -54
81 V 22 3 -54
81 V 23 3 -54
81 V 24 3 -54
81 V 25 0 -60
81 L 7 17 17 18 18 18 22
82 Q 84
82 V 11 8 -30
82 V 25 0 -60
83 Q 86
83 V 1 10 -30
83 V 9 6 -48
83 V 25 0 -60
84 Q 92
84 D 709
84 V 2 12 -42
84 V 10 6 -42
84 V 25 0 -60
84 L -2
85 Q 92
85 P 114 134 966 990 70
85 D 936
85 V 5 0 -36
85 V 5 0 -36
85 V 12 0 -36
85 V 12 0 -36
85 V 12 0 -36
85 V 12 0 -36
85 V 25 0 -60
85 L 5 5 -12 12 12 12
86 Q 97
86 V 25 0 -60
87 Q 99
87 T 693
87 P 37 69
87 D 570
87 V 6 7 -24
87 V 6 7 -24
87 V 6 7 -24
87 V 15 4 -18
87 V 25 0 -60
87 L -6 6 6
88 Q 106
88 T 772
88 P 287 576 420 364 588 592 792
88 D 461 382 101 718 762
88 V 2 13 -18
88 V 8 3 -42
88 V 17 4 -18
88 V 17 4 -18
88 V 19 4 -18
88 V 19 4 -18
88 V 20 4 -18
88 V 21 4 -18
88 V 21 4 -18
88 V 22 4 -18
88 V 25 0 -60
88 L -2 -2 -2 8 17 -17 19 -19 20 21 21 22
89 Q 111
89 T 846
89 P 620 632
89 V 2 13 -60
89 V 7 4 -48
89 V 7 4 -48
89 V 25 0 -60
89 L 7 7
90 Q 113
90 V 1 11 -12
90 V 2 13 -60
90 V 25 0 -60
90 R 12 0 1 1 4 4 3 3 6 12 13
90 M 12 40
90 R 10 6 3 3 3 4 6 7 8 10 11 12 12 12 13
90 M 10 48
90 R 12 0 1 1 4 4 4 3 3 6 12 12 13
90 M 12 80
90 R 23 3 6 7 7 6 3 3 3 1
90 M 23 103
90 R 16 3 6 3 0 3 6 7 8 10 11
90 M 16 106
90 R 5 0 3 3 4 6 12 12 13 13
90 M 5 112
90 R 16 3 6 3 0 3 4 6 7 8 10 11 12 13
90 M 16 140
90 R 5 0 3 3 3 4 4 6 12 12 13 13
90 M 5 151
90 R 23 3 6 7 7 6 3 3 3 3 2 1
90 M 23 163
90 R 16 3 6 3 0 3 4 4 6 7 8 10 11 12 13 13
90 M 16 188
90 R 19 4 5 5 6 7 8 10 11 12
90 M 19 221
91 Q 104
91 V 2 13 -60
91 V 25 0 -60
91 R 9 6 3 3 3 0 3 6 7 8 10 11 12 12
91 M 9 222
91 R 21 4 3 3 3 6 7 7 7 7 6 5 4 3
91 M 21 231
91 R 16 3 6 7 6 4 1 0 3 4 4 6 7 8 10 11 12 13 13
91 M 16 245
91 R 2 13 13 12 6 4 6 12 13
91 M 2 264
91 R 2 13 13 12 6 4 6 7 8 10 11 12 13 13
91 M 2 265
91 R 19 4 5 5 4 6 7 8 10 11 12 12
91 M 19 284
91 R 2 13 13 12 6 4 6 7 7 8 10 11 12 13 13 13
91 M 2 357
91 R 2 13 13 12 6 4 6 7 7 7 8 10 11 12 13 13 13
91 M 2 373
91 R 9 6 3 3 3 0 3 6 7 8 10 11 12 12 12
91 M 9 403
91 R 19 4 5 5 4 6 7 7 8 10 11 12 12 12
91 M 19 425
91 R 1 11 12 12 12 12 12 6 3 0 3 6 12
91 M 1 442
91 R 1 11 12 12 12 12 12 11 10 8 7 6 3 0 3 6 12
91 M 1 449
91 R 7 4 6 4 6 12 12 12 13 13 13 13 13
91 M 7 452
91 R 3 6 12 12 13 13 13 12 6 4 6 7 8 10 11
91 M 3 516
91 R 25 0 0 0 3
91 M 25 542
91 R 3 6 12 12 13 13 13 12 11 10 8 7 6 4 3 6 7 8 10 11
91 M 3 549
91 R 25 0 0 0 3 6 7 8 10
91 M 25 565
91 R 14 6 12 12 13 12 6 3 0 3
91 M 14 594
91 R 25 0 0 0 0 3 6 7 8 10 11 12
91 M 25 630
91 R 25 0 0 0 0 3 4 6 7 7 8 10 11 12
91 M 25 636
91 R 14 6 12 12 13 12 6 3 0 0 3 6 9
91 M 14 714
91 R 14 6 12 12 13 12 6 3 0 0 3 3 6 9 6 12
91 M 14 795
92 Q 85
92 P 542 630
92 V 2 13 -60
92 V 25 0 -60
92 V 25 0 -60
92 V 25 0 -60
92 L 25 25
93 Q 88
93 D 166
93 V 15 5 -42
93 L -15
94 Q 91
94 T 213
94 D 277 338
94 V 6 6 -48
94 V 13 3 -12
94 V 19 5 -42
94 V 19 5 -42
94 L -13 -19
95 Q 92
95 T 209 951
95 V 16 6 -12
95 V 18 6 -12
95 V 23 6 -12
95 V 24 6 -12
96 Q 93
96 T 447
96 P 231
96 D 364 588
96 V 2 12 -36
96 V 17 6 -6
96 V 20 3 -42
96 V 21 3 -42
96 V 21 3 -42
96 V 21 3 -42
96 V 22 6 -6
96 L -20 -21 21
97 Q 96
97 P 167
97 D 901
97 V 4 10 -6
97 V 7 6 -36
97 V 9 3 -6
97 V 9 3 -6
97 V 9 3 -6
97 L -9 9
98 Q 101
98 T 235
98 P 303 244 256
98 D 157 70
98 V 10 3 0
98 V 10 3 0
98 V 10 3 0
98 V 12 1 -6
98 V 12 1 -6
98 V 15 4 -6
98 V 15 4 -6
98 L -10 10 -12 15 15
99 Q 104
99 T 115 390
99 P 284
99 D 691 441 374 31 421
99 V 1 12 -30
99 V 1 12 -30
99 V 1 12 -30
99 V 1 12 -30
99 V 1 12 -30
99 V 11 10 -36
99 V 19 4 -6
99 L -1 -1 -1 -1 -11 19
100 Q 104
100 T 116
101 Q 105
102 Q 110
102 T 761 776
102 P 312 372 245 797 853 809
102 V 8 6 0
102 V 13 4 -36
102 V 13 4 -36
102 V 16 7 -36
102 V 23 7 -36
102 V 23 7 -36
102 V 24 7 -36
102 L 13 13 16 23 23 24
103 Q 111
103 T 197 817
104 Q 113
104 P 151
104 D 134
104 V 5 3 -30
104 V 5 3 -30
104 V 5 3 -30
104 L -5 5
105 Q 113
105 T 563
105 P 452
105 V 4 11 -48
105 V 7 4 -24
105 L 7
106 Q 119
106 P 48
106 V 10 4 -24
106 V 11 11 -18
106 L 10
107 Q 122
107 T 745 876
108 Q 125
108 D 37 69 422
108 V 1 11 -48
108 V 6 3 -6
108 V 6 3 -6
108 V 16 6 0
108 V 19 6 -54
108 V 23 6 0
108 V 24 6 0
108 L -6 -6 -19
109 Q 126
109 T 398 625
110 Q 128
110 T 120 248
110 V 13 6 -24
110 V 20 6 0
110 V 21 6 0
111 Q 129
111 T 511
111 D 542
111 V 25 3 -54
111 L -25
112 Q 134
112 T 757
112 P 112 76 40 80
112 D 151 256
112 V 5 4 -54
112 V 5 4 -54
112 V 12 4 -18
112 V 12 4 -18
112 V 12 4 -18
112 V 15 1 -18
112 L -5 5 12 12 12 -15
113 Q 138
113 T 202
113 D 296
113 V 4 12 -6
113 V 7 6 -12
113 L -4
114 Q 141
114 P 221 425
114 V 10 6 -12
114 V 19 7 -18
114 V 19 7 -18
114 L 19 19
115 Q 146
115 D 934 931 932
115 V 1 10 -30
115 V 11 12 -36
115 V 11 12 -36
115 V 11 12 -36
115 L -11 -11 -11
116 Q 149
116 T 250 952
116 P 222
116 V 9 0 0
116 L 9
117 Q 152
117 P 581 701 733
117 D 187 231 592
117 V 16 4 -48
117 V 17 9 -36
117 V 20 7 -24
117 V 21 7 -24
117 V 21 7 -24
117 V 21 7 -24
117 V 21 7 -24
117 L -17 20 -21 -21 21 21
118 Q 153
118 T 751
118 P 636
118 D 89 997 969 945
118 V 4 13 -42
118 V 14 12 -30
118 V 14 12 -30
118 V 25 4 -18
118 L -4 -4 -4 -14 25
119 Q 155
119 T 843
119 D 720 926 405
119 V 3 12 -30
119 V 3 12 -30
119 V 4 13 -60
119 V 11 13 -12
119 L -3 -11 -11
120 Q 160
120 D 76 990
120 V 4 13 -60
120 V 5 6 -42
120 V 11 13 -60
120 V 12 3 -42
120 V 12 3 -42
120 L -12 -12
120 R 1 10 8 7 6 3 0 0 3 6 12 12
120 M 1 26
120 R 1 10 8 7 6 3 0 0 3 3 6 12 12 13
120 M 1 59
120 R 3 12 13 13 13 13 12 11 10 8 7 6 4 4 3 6 12 11
120 M 3 68
120 R 21 7 6 7 6 5 4 3 3 3
120 M 21 81
120 R 6 3 6 4 6 12 13
120 M 6 88
120 R 9 0 3 3 3 6 7 8 10 11 12 12 12 13
120 M 9 95
120 R 14 12 13 13 12 6 3 0 0 3 3 4 6 9 9 6 12
120 M 14 96
120 R 6 3 6 4 3 6 7 8 10 11 12 13
120 M 6 107
120 R 25 4 6 3 0 3 6 7 7 8 10 11 12 13
120 M 25 130
120 R 11 13 13 12 6 3 0 3 6 12 13
120 M 11 142
120 R 15 1 0 0 0 0 3 3 6 7 8 10 11 12 13
120 M 15 145
120 R 25 4 6 3 0 0 3 6 7 7 8 10 11 12 13 13
120 M 25 146
120 R 11 13 13 12 6 4 1 0 3 6 12 13
120 M 11 148
120 R 15 1 0 0 0 0 3 3 4 6 7 8 10 11 12 13
120 M 15 180
120 R 6 3 6 4 4 3 2 3 6 7 8 10 11 12 13
120 M 6 184
120 R 6 3 6 4 4 3 2 3 3 6 7 8 10 11 12 13
120 M 6 207
121 Q 149
121 V 4 13 -60
121 V 10 7 -36
121 V 11 13 -60
121 R 11 13 12 6 4 1 0 0 3 6 12 13 13
121 M 11 214
121 R 21 7 6 7 6 5 4 3 3 3 4
121 M 21 267
121 R 11 13 12 6 4 1 0 0 0 3 6 12 13 13
121 M 11 278
121 R 21 7 6 5 4 3 3 3 4 4 6 12
121 M 21 292
121 R 21 7 6 5 4 3 3 3 3 4 4 6 12 13
121 M 21 311
121 R 12 3 6 7 8 10 11 12 12 13 13
121 M 12 313
121 R 12 3 6 7 7 6 3 6 12 12 13 13
121 M 12 321
121 R 12 3 6 7 7 7 6 3 3 6 12 12 13 13
121 M 12 325
121 R 23 6 3 3 3 3 3 3 2 1 4 6 12 13
121 M 23 331
121 R 4 13 13 12 6 3 6 12
121 M 4 363
121 R 4 13 13 12 6 3 3 6 12 12
121 M 4 367
121 R 4 13 13 12 6 3 3 4 6 12 12 13
121 M 4 392
121 R 5 6 12 12 12 13 13 12 6 4 3
121 M 5 404
121 R 10 7 8 7 8 10 11 12 12 12 13 13 13
121 M 10 433
121 R 19 7 8 10 11 12 12 12 6 3 0 3
121 M 19 462
121 R 4 13 13 12 6 3 3 4 4 6 12 12 13 13
121 M 4 472
121 R 5 6 12 12 12 13 13 12 6 4 4 3 3
121 M 5 496
121 R 19 7 8 10 11 12 12 12 6 4 3 0 3 3
121 M 19 500
121 R 10 7 8 7 7 8 10 11 12 12 12 12 13 13 13
121 M 10 617
122 Q 131
122 D 393
122 V 4 13 -60
122 V 14 13 -6
122 V 14 13 -6
122 L -14
123 Q 134
123 T 1010
123 P 103 163 331 915 939
123 D 279 615 555 853 797 809
123 V 3 13 -6
123 V 3 13 -6
123 V 3 13 -6
123 V 3 13 -6
123 V 6 6 -24
123 V 19 8 -18
123 V 23 3 -18
123 V 23 3 -18
123 V 23 3 -18
123 V 23 3 -18
123 V 23 3 -18
123 V 23 3 -18
123 V 24 3 -18
123 V 24 3 -18
123 V 24 3 -18
123 L -3 -3 -3 -23 -23 23 23 23 -24 24 24
124 Q 135
124 T 66 929 991
124 V 21 6 -48
125 Q 133
125 V 11 12 -36
126 Q 135
126 T 904
126 P 350 554
126 D 244
126 V 4 12 -36
126 V 15 0 -48
126 V 15 0 -48
126 V 15 0 -48
126 V 15 0 -48
126 V 20 8 -24
126 V 25 6 -6
126 L -15 15 15
127 Q 137
127 T 304 976
127 V 14 12 -42
128 Q 139
128 T 160 345
128 D 733
128 V 3 12 -42
128 V 21 5 -36
128 L -21
129 Q 139
129 T 355 922
129 D 163
129 V 23 2 -30
129 L -23
130 Q 143
130 T 376 635 881 899
130 D 245
130 V 10 8 -36
130 V 16 1 0
130 L -16
131 Q 141
131 T 29 198 561
131 P 88 184
131 V 6 4 -12
131 V 6 4 -12
131 L 6 6
132 Q 140
132 V 1 8 -36
133 Q 144
133 T 215 783
133 D 103
133 V 21 4 0
133 V 23 1 -30
133 L -23
134 Q 144
134 T 686
134 V 12 6 0
135 Q 145
135 T 176
135 D 391
135 V 2 6 -6
135 V 18 12 -42
135 L -18
136 Q 145
136 T 220 575 833 1016
136 P 403 95
136 D 839 794
136 V 3 11 0
136 V 9 3 -54
136 V 9 3 -54
136 V 9 3 -54
136 V 22 12 -36
136 V 22 12 -36
136 L 9 9 -22 -22
137 Q 142
137 T 416 987
137 V 17 6 -6
138 Q 143
138 T 480 992
138 V 24 6 -36
139 Q 144
139 P 433 617
139 D 503 387 190
139 V 6 3 -36
139 V 10 7 -36
139 V 10 7 -36
139 V 18 13 -18
139 L 10 10 -18 -18 -18
140 Q 147
140 T 243
140 D 420 854 792
140 V 18 13 -60
140 V 19 10 -24
140 V 22 13 -12
140 L -19 -22 -22
141 Q 151
141 P 449 313 321 325 267 311
141 D 701 81
141 V 1 7 -36
141 V 12 7 -24
141 V 12 7 -24
141 V 12 7 -24
141 V 18 13 -60
141 V 21 3 -24
141 V 21 3 -24
141 V 21 3 -24
141 V 21 3 -24
141 V 22 13 -60
141 V 25 3 -24
141 L 1 12 12 12 -21 -21 21 21
142 Q 152
142 T 544 602
142 D 287 119 238
142 V 8 12 -30
142 V 8 12 -30
142 V 8 12 -30
142 V 18 13 -60
142 V 22 13 -60
142 L -8 -8 -8
143 Q 152
143 V 18 13 -60
143 V 20 10 -30
143 V 22 13 -60
144 Q 155
144 T 967 1003
144 P 264 106
144 V 2 4 -54
144 V 3 10 -42
144 V 16 0 -30
144 V 18 13 -60
144 V 22 13 -60
144 L 2 16
145 Q 155
145 T 725 895 925
145 D 184 350 554
145 V 6 2 -48
145 V 15 3 -42
145 V 15 3 -42
145 V 18 13 -60
145 V 22 13 -60
145 L -6 -15 -15
146 Q 154
146 D 159
146 V 8 13 -6
146 V 18 13 -60
146 V 22 13 -60
146 L -8
147 Q 155
147 T 189 412 590 907
147 V 1 6 0
147 V 8 13 -60
147 V 18 13 -60
147 V 19 11 -6
147 V 22 13 -60
147 V 23 4 -42
148 Q 154
148 T 427
148 V 8 13 -60
148 V 10 8 -36
148 V 12 6 -48
148 V 18 13 -60
148 V 22 13 -60
149 Q 155
149 T 734 805 860 888 1002 1007
149 P 292
149 D 267
149 V 8 13 -60
149 V 18 13 -60
149 V 21 4 -48
149 V 21 4 -48
149 V 22 13 -60
149 L -21 21
150 Q 150
150 T 665 825 896
150 P 107 207
150 D 241 372 703 312
150 V 6 3 0
150 V 6 3 0
150 V 8 13 -60
150 V 9 6 -12
150 V 13 12 -54
150 V 13 12 -54
150 V 13 12 -54
150 V 18 13 -60
150 V 20 11 -12
150 V 22 13 -60
150 L 6 6 -9 -13 -13 -13
150 R 3 10 8 7 7 6 4 4 3 6 12 12 11
150 M 3 85
150 R 16 0 3 3 3 4 4 6 7 8 10 11 12 13 13 13
150 M 16 91
150 R 21 4 6 4 6 12 13 13 13
150 M 21 104
150 R 1 6 3 0 0 3 3 3 6 12 12 12 13
150 M 1 147
150 R 21 4 6 4 4 6 12 12 13 13 13
150 M 21 152
150 R 9 6 7 7 8 10 11 12 12 12 13 13
150 M 9 161
150 R 15 3 4 4 4 6 7 8 10 11 12 13 13
150 M 15 168
150 R 15 3 4 4 4 6 7 7 6 3 6 12 13 13
150 M 15 173
150 R 23 4 6 3 0 3 6 7 8 10 11 12 13
150 M 23 174
150 R 6 3 6 6 3 6 7 8 10 11 12 13 13
150 M 6 219
150 R 9 6 7 7 7 8 10 11 12 12 12 12 13 13
150 M 9 261
150 R 19 11 12 12 12 12 6 4 3 0 1 3 3
150 M 19 263
150 R 21 4 6 4 4 4 6 12 12 12 13 13 13
150 M 21 276
150 R 23 4 6 7 6 3 0 3 6 7 8 10 11 12 13
150 M 23 301
150 R 23 4 6 7 6 3 0 0 3 6 7 8 10 10 11 12 13
150 M 23 314
150 R 6 3 6 6 3 3 6 7 8 10 11 12 13 13 13
150 M 6 327
150 R 13 12 13 13 12 6 4 6 12
150 M 13 332
150 R 13 12 13 13 12 6 4 3 6 12 11
150 M 13 343
150 R 8 13 13 12 6 4 3
150 M 8 344
151 Q 132
151 V 8 13 -60
151 V 18 13 -60
151 V 22 13 -60
151 R 13 12 13 13 12 11 10 8 7 6 4 3 3 6 12 11
151 M 13 365
151 R 8 13 12 6 4 3 6 7 8 10 11 12 13 13
151 M 8 369
151 R 13 12 13 13 12 11 10 8 7 6 4 4 3 3 3 6 12 11
151 M 13 380
151 R 22 13 13 12 6 4 6 12 13
151 M 22 408
151 R 23 4 6 7 7 6 9 6 3 0 0 3 6 7 8 10 10 11 12 13
151 M 23 409
151 R 18 13 13 12 11 10 8 7 8 10 11 12 13
151 M 18 417
151 R 8 13 12 6 4 3 3 6 7 8 10 11 12 13 13
151 M 8 419
151 R 8 13 12 6 4 3 3 0 3 6 7 8 10 11 12 13 13
151 M 8 434
151 R 22 13 13 12 6 4 4 6 12 13 13
151 M 22 508
151 R 18 13 13 12 11 10 8 7 7 8 10 11 12 13 13
151 M 18 513
151 R 22 13 13 12 6 4 4 3 0 3 6 12 13 13 13
151 M 22 518
151 R 22 13 13 12 6 4 4 3 0 3 6 12 13 13 13 13
151 M 22 547
151 R 18 13 13 12 11 10 8 7 7 6 3 0 3 6 12 13 13 13
151 M 18 566
151 R 18 13 13 12 11 10 8 7 7 6 3 0 0 3 6 12 13 13 13
151 M 18 574
151 R 10 8 10 11 12 12 12 12 13 13 12 6 3 0 3
151 M 10 626
152 Q 118
152 T 543
152 P 180 168
152 V 2 6 -42
152 V 15 4 -6
152 V 15 4 -6
152 V 15 4 -6
152 V 18 13 -60
152 V 22 13 -60
152 L 15 15
153 Q 119
153 T 850 941
153 D 620 458 532
153 V 7 12 -42
153 V 7 12 -42
153 V 7 12 -42
153 L -7 -7 -7
154 Q 120
154 T 646 986
154 D 884
154 V 13 13 -30
154 V 13 13 -30
154 L -13
155 Q 121
155 T 57 861
155 V 8 12 -36
155 V 23 6 -30
156 Q 121
156 T 1009
156 D 284 221 425
156 V 18 12 -36
156 V 19 12 -24
156 V 19 12 -24
156 V 19 12 -24
156 V 19 12 -24
156 V 22 12 -36
156 L -19 -19 -19
157 Q 120
157 T 335 639
157 P 161 261
157 D 464 495 632 452
157 V 7 13 -18
157 V 9 7 -36
157 V 9 7 -36
157 V 9 7 -36
157 V 21 6 -36
157 L -7 -7 -7 -7 9 9
158 Q 123
158 T 210 577 627 858
158 P 265 357 373
158 V 2 7 -6
158 V 2 7 -6
158 V 2 7 -6
158 V 7 13 -60
158 V 13 12 -6
158 L 2 2 2
159 Q 120
159 T 482 687 961
159 D 112 487 690 581 666
159 V 5 12 -12
159 V 5 12 -12
159 V 5 12 -12
159 V 7 13 -60
159 V 20 12 -30
159 L -5 -5 -20 -20 -20
160 Q 119
160 T 465 601 1015
160 P 130 146
160 V 7 13 -60
160 V 20 12 -60
160 V 25 0 -18
160 V 25 0 -18
160 L 25 25
161 Q 121
161 T 889
161 V 3 8 -48
161 V 7 13 -60
161 V 15 6 -54
161 V 20 12 -60
162 Q 125
162 T 534
162 P 301 409
162 D 321 325
162 V 1 3 -18
162 V 7 13 -60
162 V 12 3 -6
162 V 12 3 -6
162 V 20 12 -60
162 V 23 7 -54
162 V 23 7 -54
162 L -12 -12 23 23
163 Q 128
163 T 616 695 935
163 P 91
163 D 106
163 V 7 13 -60
163 V 16 3 -24
163 V 16 3 -24
163 V 16 3 -24
163 V 20 12 -60
163 L -16 16
164 Q 130
164 T 411 537 697
164 D 362 114
164 V 5 13 -48
164 V 5 13 -48
164 V 7 13 -60
164 V 11 6 -6
164 V 20 12 -60
164 L -5 -5
165 Q 130
165 P 104 152 276
165 D 207
165 V 4 6 -6
165 V 6 6 -18
165 V 6 6 -18
165 V 7 13 -60
165 V 10 10 -42
165 V 18 11 -54
165 V 20 12 -60
165 V 21 4 -24
165 V 21 4 -24
165 V 21 4 -24
165 L -6 21 21 21
166 Q 131
166 V 7 13 -60
166 V 9 8 -36
166 V 14 6 -12
166 V 20 12 -60
167 Q 135
167 T 295 755 906 995
167 P 145 173
167 V 2 8 -6
167 V 7 13 -60
167 V 13 11 -24
167 V 15 7 -18
167 V 15 7 -18
167 V 20 12 -60
167 L 15 15
168 Q 136
168 T 600 614 653
168 V 5 12 -24
168 V 7 13 -60
168 V 20 12 -60
168 V 23 6 -18
169 Q 134
169 T 217 531
169 V 7 13 -60
169 V 20 12 -60
170 Q 132
170 P 549 85
170 V 3 7 -48
170 V 3 7 -48
170 V 7 13 -60
170 V 20 12 -60
170 L 3 3
171 Q 132
171 T 572 586 748 916
171 P 140 188
171 V 7 13 -60
171 V 16 4 -48
171 V 16 4 -48
171 V 20 12 -60
171 L 16 16
172 Q 130
172 T 624 812
172 D 303
172 V 7 13 -60
172 V 10 11 -24
172 V 18 10 -36
172 V 20 12 -60
172 L -10
173 Q 129
173 T 683 823 943
173 P 148
173 V 7 13 -60
173 V 11 4 -54
173 V 20 12 -60
173 V 21 6 -12
173 L 11
174 Q 126
174 T 32 78 375 523
174 V 7 13 -60
174 V 13 10 -6
174 V 15 6 -42
174 V 20 12 -60
175 Q 123
175 T 468 659
175 V 7 13 -60
175 V 20 12 -60
176 Q 123
176 T 175 444 740
176 V 3 6 -12
176 V 7 13 -60
176 V 20 12 -60
177 Q 123
177 T 473 491 1011
177 D 939 942
177 V 7 13 -60
177 V 12 6 -24
177 V 17 12 -36
177 V 20 12 -60
177 V 24 12 -6
177 V 24 12 -6
177 L -24 -24
178 Q 122
178 T 670 965
178 V 7 13 -60
178 V 20 12 -60
179 Q 124
179 V 7 13 -60
179 V 16 6 -36
179 V 20 12 -60
179 V 25 3 -12
180 Q 128
180 T 828 979
180 P 363 367 219 327
180 V 4 3 -24
180 V 4 3 -24
180 V 6 3 -36
180 V 6 3 -36
180 V 7 13 -60
180 V 20 12 -60
180 L 4 4 6 6
180 R 11 4 1 1 0 0 0 0 3 6 12 13 13 13
180 M 11 86
180 R 20 12 12 6 4 3 0
180 M 20 100
180 R 16 6 7 7 8 10 11 12 13 13 13 13
180 M 16 105
180 R 15 6 3 3 4 6 12 13 13 13
180 M 15 136
180 R 25 3 6 4 6 7 7 8 10 11 12 12 13 13
180 M 25 164
180 R 16 6 7 7 7 8 10 11 12 13 13 13 13 13
180 M 16 201
180 R 24 12 13 13 12 6 3 0 3 6 12 13
180 M 24 218
180 R 3 6 4 4 4 4 3 6 12 12 12 11
180 M 3 384
180 R 15 6 3 3 4 4 6 12 13 13 13 13
180 M 15 428
180 R 7 13 13 12 6 4 6 12 13
180 M 7 436
180 R 20 12 12 6 4 4 3 0
180 M 20 460
180 R 7 13 13 12 6 4 6 7 8 10 11 12 13 13
180 M 7 477
180 R 7 13 13 12 6 4 6 7 7 8 10 11 12 13 13
180 M 7 493
180 R 24 12 13 13 12 6 3 0 0 3 6 12 13
180 M 24 562
180 R 7 13 13 12 6 4 3 6 7 7 8 10 11 12 12 13 13
180 M 7 603
180 R 20 12 12 11 10 8 7 6 4 4 3 3 0
180 M 20 605
180 R 6 3 6 7 8 10 11 12 12 13 13 13
180 M 6 613
180 R 24 12 13 13 12 11 10 8 7 6 3 0 0 3 6 12 13
180 M 24 649
180 R 19 12 6 4 4 3 0 1 3 3 6 12
180 M 19 664
180 R 20 12 12 11 10 8 7 6 4 4 4 3 3 3 0
180 M 20 680
181 Q 108
181 T 821 902 950
181 P 442 26
181 D 617 834 749 48 315 576
181 V 1 0 -12
181 V 1 0 -12
181 V 7 13 -60
181 V 10 12 -42
181 V 10 12 -42
181 V 10 12 -42
181 V 10 12 -42
181 V 14 3 -30
181 V 17 13 -12
181 V 20 12 -60
181 L 1 1 -10 -10 -10 -10 -17 -17
181 R 5 12 6 4 4 3 3 3 6 12
181 M 5 735
181 R 24 12 13 13 12 11 10 8 7 6 3 0 0 3 3 6 12 13
181 M 24 739
181 R 5 12 6 4 4 3 3 3 3 6 12 11
181 M 5 743
181 R 12 6 12 12 12 13 13 12 6 3 6
181 M 12 747
181 R 12 6 12 12 12 13 13 12 6 3 3 6 12
181 M 12 759
181 R 6 3 6 7 7 8 10 11 12 12 12 13 13 13
181 M 6 801
181 R 21 6 12 12 12 12 13 13 12 11 10 8 7 8 10
181 M 21 917
181 R 9 8 10 10 11 12 12 12 12 13 13 12 6 3 0 3 6 7
181 M 9 918
181 R 21 6 12 12 12 12 13 13 12 11 10 8 7 7 8 10 11 12 13
181 M 21 1025
182 Q 99
182 T 271
182 D 915
182 V 17 13 -60
182 V 24 13 -42
182 V 24 13 -42
182 L -24
183 Q 101
183 D 681
183 V 9 10 -42
183 V 9 10 -42
183 V 17 13 -60
183 L -9
184 Q 101
184 T 810 867 890
184 P 516 68 384
184 V 2 10 -12
184 V 3 4 0
184 V 3 4 0
184 V 3 4 0
184 V 3 4 0
184 V 17 13 -60
184 L 3 3 3
185 Q 104
185 T 406
185 P 105 201
185 D 760 433
185 V 7 12 -36
185 V 10 13 -18
185 V 10 13 -18
185 V 16 7 0
185 V 16 7 0
185 V 16 7 0
185 V 17 13 -60
185 L -10 -10 16 16
186 Q 107
186 T 864
186 D 148
186 V 11 1 -6
186 V 11 1 -6
186 V 17 13 -60
186 V 24 12 -18
186 L -11
187 Q 107
187 V 17 13 -60
188 Q 111
188 T 507 669
188 P 392 472
188 D 173
188 V 4 4 -48
188 V 4 4 -48
188 V 15 3 0
188 V 15 3 0
188 V 17 13 -60
188 L 4 4 -15
189 Q 110
189 T 333 597
189 D 409
189 V 17 13 -60
189 V 18 8 -42
189 V 20 11 -18
189 V 23 9 -48
189 L -23
190 Q 113
190 T 913
190 V 9 11 -24
190 V 10 12 -54
190 V 17 13 -60
191 Q 118
191 T 386 448 650
191 V 13 8 -12
191 V 17 13 -60
192 Q 118
192 T 128 492
192 D 549
192 V 2 11 -54
192 V 3 3 -24
192 V 17 13 -60
192 L -3
193 Q 117
193 T 957
193 V 17 13 -60
194 Q 118
194 T 540 738 1020
194 V 8 6 -6
194 V 16 8 0
194 V 17 13 -60
194 V 25 6 -30
195 Q 118
195 V 6 6 -54
195 V 17 13 -60
195 V 22 6 -6
195 V 24 11 -36
196 Q 120
196 P 136 428
196 V 4 6 -36
196 V 15 4 -24
196 V 15 4 -24
196 V 17 13 -60
196 V 19 6 -54
196 V 20 10 0
196 L 15 15
197 Q 122
197 V 17 13 -60
198 Q 124
198 T 564
198 P 417 513
198 V 17 13 -60
198 V 18 7 -42
198 V 18 7 -42
198 L 18 18
199 Q 125
199 T 826
199 D 261 403 167 222
199 V 9 12 -42
199 V 9 12 -42
199 V 9 12 -42
199 V 9 12 -42
199 V 17 13 -60
199 L -9 -9 -9 -9
200 Q 129
200 T 54
200 P 59 147 142 214 278 86 365 594 714
200 D 449 373
200 V 1 3 -6
200 V 1 3 -6
200 V 1 3 -6
200 V 2 12 -12
200 V 11 0 -36
200 V 11 0 -36
200 V 11 0 -36
200 V 11 0 -36
200 V 13 7 -12
200 V 14 0 -24
200 V 14 0 -24
200 V 17 13 -60
200 L -1 1 1 -2 11 11 11 11 13 14 14
201 Q 130
201 T 815
201 P 613 801
201 V 6 7 -18
201 V 6 7 -18
201 V 17 13 -60
201 L 6 6
202 Q 134
202 T 193 285 607 847
202 P 164
202 V 17 13 -60
202 V 24 10 -18
202 V 25 4 -18
202 L 25
203 Q 130
203 T 389
203 P 344
203 D 95 161
203 V 8 4 -54
203 V 9 13 -18
203 V 9 13 -18
203 V 17 13 -60
203 L 8 -9 -9
204 Q 131
204 T 485
204 P 500 664 408 508
204 V 15 6 -12
204 V 17 13 -60
204 V 18 6 -6
204 V 19 4 -42
204 V 19 4 -42
204 V 22 4 -54
204 V 22 4 -54
204 L 19 19 22 22
205 Q 135
205 T 339 612
205 D 265 264 357
205 V 2 13 -48
205 V 17 13 -60
205 L -2 -2 -2
206 Q 137
206 V 2 13 -60
206 V 17 13 -60
207 Q 139
207 T 459 675
207 V 2 13 -60
207 V 3 6 -42
207 V 13 6 -36
207 V 17 13 -60
208 Q 140
208 T 353
208 V 2 13 -60
208 V 5 6 -54
208 V 9 12 -54
208 V 17 13 -60
209 Q 142
209 T 710
209 V 2 13 -60
209 V 17 13 -60
209 V 23 6 -18
210 Q 143
210 P 419
210 D 344
210 V 2 13 -60
210 V 6 8 -18
210 V 8 3 -18
210 V 8 3 -18
210 V 17 13 -60
210 V 25 6 -6
210 L -8 8
210 R 9 12 6 3 0 0 3 6 7
210 M 9 82
210 R 10 12 6 7 6 3 0 3 3
210 M 10 117
210 R 23 6 3 0 0 3 3 6 7 8 10 10 11 12 13
210 M 23 135
210 R 25 6 7 7 7 7 8 10 11 12 12 12 13 13
210 M 25 141
210 R 1 3 6 4 6 12 12 12 13 13
210 M 1 204
210 R 2 13 13 12 6 4 5
210 M 2 208
210 R 17 13 13 12 11 10 8 7 6 3
210 M 17 249
210 R 17 13 13 12 11 10 8 7 7 6 3 6 12 13
210 M 17 309
210 R 11 0 3 3 4 6 7 8 10 11 12 13 13 13
210 M 11 324
210 R 17 13 13 12 11 10 8 7 7 7 6 3 6 12 13 13
210 M 17 381
210 R 1 3 6 4 6 7 8 10 11 12 12 12 12 13 13
210 M 1 385
210 R 10 12 6 7 6 3 0 0 3 3 3
210 M 10 410
210 R 10 12 6 7 7 6 3 0 0 3 3 3
210 M 10 413
210 R 17 13 13 12 11 10 8 7 7 7 7 6 4 3 6 12 13 13
210 M 17 437
210 R 11 0 3 3 4 4 6 7 8 10 11 12 13 13 13
210 M 11 440
210 R 2 13 13 12 6 4 5 6 7 8 10 11 12 13
210 M 2 521
210 R 9 12 6 7 6 3 0 0 3 3 6 7
210 M 9 533
210 R 2 13 13 12 6 3 4 5 6 7 8 10 11 12 13 13
210 M 2 539
210 R 9 12 6 7 6 4 3 0 0 3 3 6 7
210 M 9 552
210 R 2 13 13 12 6 3 4 5 6 7 7 8 10 11 12 13 13
210 M 2 685
210 R 6 8 10 10 11 12 12 12 13 13 13 12 6 4 3
210 M 6 752
210 R 3 6 12 12 12 12 11 10 8 7 6 4 3
210 M 3 784
210 R 3 6 12 12 12 12 11 10 8 7 6 4 3 3
210 M 3 921
211 Q 124
211 R 15 6 12 12 13 13 13 13 12 6 4 3 2
211 M 15 944
211 P 263
211 V 2 13 -60
211 V 16 10 -6
211 V 17 13 -60
211 V 19 3 -6
211 V 22 3 -18
211 L 19
211 R 15 6 12 12 13 13 13 13 12 6 4 3 2 3 6 7 8 10 11 12 13
211 M 15 1017
212 Q 128
212 T 517 545 737 1008
213 Q 125
213 T 779
213 D 152 292 276
213 V 20 8 -6
213 V 21 12 -42
213 V 21 12 -42
213 V 21 12 -42
213 V 21 12 -42
213 L -21 -21 -21
214 Q 127
214 T 479 949
215 Q 131
215 T 453 754 863
215 P 332 380
215 V 1 6 -24
215 V 2 12 -36
215 V 13 4 -24
215 V 13 4 -24
215 V 17 12 -36
215 L 13 13
216 Q 131
216 T 334 366 642
216 P 404 496
216 V 5 4 -42
216 V 5 4 -42
216 L 5 5
217 Q 132
217 T 79 488
217 P 565 141
217 D 80 40 311 104 636
217 V 12 12 -54
217 V 12 12 -54
217 V 12 12 -54
217 V 21 13 -18
217 V 21 13 -18
217 V 25 7 -30
217 V 25 7 -30
217 V 25 7 -30
217 V 25 7 -30
217 L -12 -12 -21 -21 -25 25 25
218 Q 131
219 Q 133
219 T 246 476 836 887
219 P 795
219 D 214 594 994
219 V 11 3 -30
219 V 11 3 -30
219 V 14 3 -18
219 V 14 3 -18
219 V 16 11 -48
219 V 18 3 -24
219 V 24 8 -24
219 L -11 -14 14 -16
220 Q 131
220 T 892
221 Q 133
221 D 966 313
221 V 12 13 -30
221 V 12 13 -30
221 L -12 -12
222 Q 135
222 T 300 560
222 P 605
222 V 20 7 -6
222 V 21 12 -54
222 L 20
223 Q 136
223 T 268 712 831 908
223 P 204 735 743 343
223 D 496 404 380 365
223 V 1 4 -12
223 V 5 3 -6
223 V 5 3 -6
223 V 5 3 -6
223 V 5 3 -6
223 V 13 3 -48
223 V 13 3 -48
223 V 13 3 -48
223 L 1 -5 -5 5 5 -13 -13 13
224 Q 137
224 T 247 593
224 V 7 6 -6
224 V 17 11 -54
224 V 23 3 -36
225 Q 138
225 T 52 352 900
225 V 12 12 -6
226 Q 138
226 T 77 729
226 V 25 8 -30
227 Q 139
227 T 819
227 P 324 440 96
227 D 107
227 V 6 10 -24
227 V 6 10 -24
227 V 11 4 -54
227 V 11 4 -54
227 V 14 4 -42
227 V 16 12 -6
227 L -6 11 11 14
228 Q 146
228 T 71 273 736 886
228 P 649
228 V 24 7 -24
228 L 24
229 Q 142
229 T 323 938 1014
229 P 434
229 V 8 0 -12
229 V 10 6 -24
229 V 20 6 -30
229 L 8
230 Q 141
230 T 205
230 P 462 518
230 V 19 0 0
230 V 21 11 -12
230 V 22 0 -12
230 L 19 22
231 Q 142
231 V 1 6 0
231 V 17 10 -36
232 Q 146
232 D 201 91 188 140 105
232 V 16 13 -42
232 L -16 -16 -16 -16 -16
233 Q 147
233 T 671 788
233 P 436
233 V 7 4 -54
233 V 16 13 -60
233 L 7
234 Q 148
234 T 726
234 V 6 11 -6
234 V 16 13 -60
235 Q 150
235 D 367 363
235 V 4 12 -6
235 V 4 12 -6
235 V 11 6 -42
235 V 14 6 -30
235 V 16 13 -60
235 V 24 6 -48
235 L -4 -4
236 Q 154
236 T 869
236 P 117 413
236 V 10 7 -48
236 V 10 7 -48
236 V 16 13 -60
236 L 10 10
237 Q 156
237 T 234 756
237 P 100 460 680
237 V 13 6 -6
237 V 16 13 -60
237 V 20 4 -18
237 V 20 4 -18
237 V 20 4 -18
237 L 20 20 20
238 Q 156
238 T 514
238 P 385 566 574
238 V 1 7 -24
238 V 5 6 -24
238 V 16 13 -60
238 V 18 0 -18
238 V 18 0 -18
238 V 21 10 -54
238 L 1 18 18
239 Q 158
239 T 92
239 V 16 13 -60
240 Q 159
240 T 430 835 866 993
240 P 603
240 D 472 392
240 V 4 13 -42
240 V 7 3 -18
240 V 16 13 -60
240 L -4 -4 7
240 R 20 4 3 3 3 3 0 0 3 4 5
240 M 20 74
240 R 21 10 8 7 7 7 8 10 11 12 13
240 M 21 93
240 R 4 13 13 12 6 3 6 12
240 M 4 99
240 R 21 10 8 7 7 7 7 8 10 11 12 13 13
240 M 21 109
240 R 16 13 13 12 6 3 6 12
240 M 16 111
240 R 10 7 6 4 3 0 0 3 3 3 3
240 M 10 156
240 R 4 13 13 12 6 3 3 6 12 13
240 M 4 171
240 R 16 13 13 12 6 3 3 6 12 13
240 M 16 203
240 R 11 6 7 7 7 8 10 11 12 13 13 13 13
240 M 11 257
240 R 4 13 13 12 6 3 3 0 3 6 12 13
240 M 4 266
240 R 11 6 7 7 7 7 8 10 11 12 13 13 13 13
240 M 11 297
240 R 20 4 3 3 3 3 0 0 0 3 4 5 5
240 M 20 310
240 R 16 13 13 12 11 10 8 7 6 3 3 3 6 12 13
240 M 16 317
240 R 4 13 13 12 11 10 8 7 6 3 3 0 3 3 6 12 13
240 M 4 337
240 R 16 13 13 12 11 10 8 7 6 3 3 3 3 6 9 6 12 13
240 M 16 379
240 R 5 6 12 12 11 10 8 7 8 10 11 12
240 M 5 489
240 R 5 6 12 12 11 10 8 7 6 4 6 12 12
240 M 5 652
240 R 5 6 12 12 11 10 8 7 6 4 4 3 6 12 12
240 M 5 696
241 Q 141
241 T 604 820
241 P 257 297
241 D 440
241 V 4 13 -60
241 V 11 7 -6
241 V 11 7 -6
241 V 11 7 -6
241 V 11 7 -6
241 V 16 13 -60
241 L -11 11 11
242 Q 140
242 T 657 775
242 V 10 6 -12
243 Q 139
243 T 509 708
243 P 174 314
243 D 801 88 613 565
243 V 6 12 -24
243 V 6 12 -24
243 V 6 12 -24
243 V 23 0 -30
243 V 23 0 -30
243 V 25 10 -36
243 L -6 -6 -6 23 23 -25
244 Q 142
244 T 893 954 1024
244 D 180 263
244 V 15 12 -42
244 V 15 12 -42
244 V 19 1 -30
244 L -15 -19
245 Q 141
245 D 680 460 605
245 V 4 12 -36
245 V 16 12 -36
245 V 20 3 -42
245 V 20 3 -42
245 V 20 3 -42
245 V 20 3 -42
245 L -20 -20 -20
246 Q 142
246 T 288 302 598 644 728
246 D 85 68 384
246 V 3 12 -12
246 V 3 12 -12
246 V 3 12 -12
246 V 3 12 -12
246 L -3 -3 -3
247 Q 139
247 T 233 478 933
247 D 219 580 327
247 V 1 8 -24
247 V 6 13 0
247 V 6 13 0
247 V 6 13 0
247 V 9 6 -24
247 L -6 -6 -6
248 Q 138
248 D 136 168 145 428
248 V 8 3 -6
248 V 15 13 -18
248 V 15 13 -18
248 V 15 13 -18
248 V 15 13 -18
248 V 17 8 -42
248 L -15 -15 -15 -15
249 Q 138
249 T 150 162 512 546
249 P 547
249 D 649
249 V 22 3 -6
249 V 24 3 -6
249 L 22 -24
250 Q 137
250 T 767
250 P 156
250 D 324
250 V 10 4 0
250 V 11 8 -6
250 V 25 11 -18
250 L 10 -11
251 Q 139
251 T 108 124 132 445
251 D 462 500
251 V 19 3 -6
251 V 19 3 -6
251 L -19 -19
252 Q 136
252 T 538 676 830 857
252 V 6 12 -36
253 Q 135
253 T 988
253 V 15 12 -54
254 Q 138
254 T 808
254 P 533
254 V 2 6 -6
254 V 4 11 -54
254 V 9 7 -48
254 V 16 11 -54
254 V 21 8 0
254 L 9
255 Q 142
255 T 342 1019
255 D 516 96 714
255 V 3 11 -30
255 V 7 6 -36
255 V 14 9 0
255 V 14 9 0
255 L -3 -14 -14
256 Q 143
256 T 435 707
257 Q 143
257 P 249 309 381 437
257 D 574
257 V 17 7 -42
257 V 17 7 -42
257 V 17 7 -42
257 V 17 7 -42
257 V 18 3 -12
257 L 17 17 17 17 -18
258 Q 143
258 D 413
258 V 10 3 -24
258 L -10
259 Q 146
259 T 97 609
259 D 630 164 141
259 V 25 12 -36
259 V 25 12 -36
259 V 25 12 -36
259 L -25 -25 -25
260 Q 148
260 T 400 645
260 V 9 6 -12
261 Q 154
261 T 194 595 674 790
261 P 477 493
261 V 4 10 -36
261 V 7 7 0
261 V 7 7 0
261 V 16 10 -36
261 L 7 7
262 Q 154
262 T 814
262 P 135
262 D 301
262 V 3 10 -12
262 V 23 3 -24
262 V 23 3 -24
262 L -23 23
263 Q 155
263 T 568 818 851 875
263 P 917 1025 93 109
263 D 146 130
263 V 8 6 -24
263 V 17 6 -6
263 V 21 7 0
263 V 21 7 0
263 V 21 7 0
263 V 21 7 0
263 V 25 13 -12
263 L 21 21 21 21 -25 -25
264 Q 151
264 P 74 310
264 D 100
264 V 1 10 -30
264 V 20 0 -36
264 V 20 0 -36
264 V 20 0 -36
264 V 22 6 -24
264 V 25 13 -60
264 L -20 20 20
265 Q 152
265 V 12 6 -36
265 V 25 13 -60
266 Q 157
266 T 98 640 803 862
266 V 19 6 -24
266 V 25 13 -60
267 Q 157
267 T 359 396 855
267 V 11 10 -12
267 V 25 13 -60
268 Q 157
268 T 155 559
268 P 552 218 562
268 V 9 4 0
268 V 24 0 0
268 V 24 0 0
268 V 25 13 -60
268 L 9 24 24
269 Q 155
269 T 158 796
269 P 539
269 V 2 3 -24
269 V 25 13 -60
269 L 2
270 Q 156
270 T 660 742 968
270 P 369
270 V 7 8 0
270 V 8 7 -48
270 V 25 13 -60
270 L 8
270 R 6 12 6 4 3 3 6 12
270 M 6 39
270 R 20 0 3 4 5 5 4 3
270 M 20 56
270 R 3 10 8 7 6 4 4 3 3 3
270 M 3 64
270 R 10 3 0 0 0 0 3 3 3 3 3
270 M 10 94
270 R 25 13 13 12 6 3 6 12 13
270 M 25 123
270 R 3 10 8 7 7 6 4 4 3 3 3 2
270 M 3 237
270 R 25 13 13 12 6 3 3 6 12 13
270 M 25 307
270 R 25 13 13 12 6 4 3 3 3 6 12 13
270 M 25 328
270 R 21 7 8 7 8 10 11 12 12 13 13 13
270 M 21 349
270 R 6 12 6 4 3 3 3 6 12 12
270 M 6 483
270 R 6 12 6 4 3 3 3 3 6 12 12 12
270 M 6 519
270 R 20 0 3 3 4 5 5 5 4 3
270 M 20 583
270 R 9 4 3 3 0 0 0 3 3 3 6 7
270 M 9 622
270 R 25 13 13 12 6 4 4 3 3 3 6 12 12 13
270 M 25 872
270 R 20 0 3 3 4 5 5 5 4 3 0 3
270 M 20 958
271 Q 140
271 T 1018
271 V 1 11 -12
271 V 25 13 -60
272 Q 140
272 T 225 414 429 700
272 D 437
272 V 17 4 -54
272 V 18 6 -30
272 V 21 8 0
272 L -17
273 Q 139
273 T 647 662 766 844
274 Q 139
275 Q 142
275 T 463
275 V 11 11 -54
275 V 25 12 -36
276 Q 142
276 T 126 206 606 768 849
276 D 552
276 V 9 3 -24
276 V 9 3 -24
276 V 14 6 -30
276 L -9
277 Q 139
277 T 239 536 822
277 P 208 626 410 94
277 D 332
277 V 2 4 -48
277 V 10 0 -18
277 V 10 0 -18
277 V 10 0 -18
277 V 10 0 -18
277 V 13 12 -36
277 V 23 6 -42
277 L 2 10 10 10 -13
278 Q 137
278 T 36 438 878
278 D 735
278 V 4 8 -42
278 V 5 12 -54
278 V 5 12 -54
278 V 16 8 -42
278 L -5
279 Q 137
279 T 336
279 D 249
279 V 3 8 -18
279 V 8 8 -48
279 V 17 3 -18
279 L -17
280 Q 140
280 T 1005
280 P 747 759
280 D 385 442 26 147
280 V 1 12 -30
280 V 1 12 -30
280 V 1 12 -30
280 V 1 12 -30
280 V 12 3 -54
280 V 12 3 -54
280 L -1 -1 -1 -1 12 12
281 Q 146
281 T 274 764
281 P 349
281 V 21 7 0
281 L 21
282 Q 147
282 T 678 842 989
282 D 208
282 V 2 5 -12
282 L -2
283 Q 147
283 T 824 972
283 P 583
283 D 297
283 V 11 12 -12
283 V 20 3 -30
283 V 20 3 -30
283 V 23 7 -6
283 L -11 20
284 Q 149
284 T 122 143 216
284 D 59 204
284 V 1 13 -6
284 L -1 -1
285 Q 146
285 T 58 865 970
285 V 1 13 -60
286 Q 147
286 T 930
286 D 743 343
286 V 1 13 -60
286 V 2 6 0
286 V 5 11 -12
286 V 13 11 -54
286 L -5 -13
287 Q 151
287 T 341 599 971
287 P 337 317
287 V 1 13 -60
287 V 4 7 -42
287 V 7 10 -6
287 V 13 11 -60
287 V 16 7 -42
287 L 4 16
288 Q 151
288 T 497 668 802
288 P 921 237 739
288 D 257 142 278 86 562
288 V 1 13 -60
288 V 3 7 -18
288 V 3 7 -18
288 V 11 13 -48
288 V 13 11 -60
288 V 24 3 -54
288 V 24 3 -54
288 L 3 3 -11 -11 -11 -11 -24 24
289 Q 150
289 T 170 232 475 515 591 773
289 V 1 13 -60
289 V 11 13 -60
289 V 13 11 -60
290 Q 148
290 V 1 13 -60
290 V 11 13 -60
290 V 13 11 -60
290 V 21 8 0
291 Q 149
291 T 340 383
291 V 1 13 -60
291 V 6 6 -6
291 V 11 13 -60
291 V 13 11 -60
291 V 20 4 -54
292 Q 151
292 T 689 716
292 V 1 13 -60
292 V 11 13 -60
292 V 13 11 -60
292 V 15 6 -24
292 V 23 8 -6
293 Q 152
293 T 259 608 719
293 P 521 685
293 V 1 13 -60
293 V 2 7 -24
293 V 2 7 -24
293 V 4 6 -6
293 V 11 13 -60
293 V 13 11 -60
293 V 16 6 -6
293 L 2 2
294 Q 151
294 D 747
294 V 1 13 -60
294 V 5 10 -54
294 V 11 13 -60
294 V 12 6 -12
294 V 13 11 -60
294 V 17 6 -36
294 L -12
295 Q 154
295 T 589 655 717
295 P 918 82 622
295 V 1 13 -60
295 V 3 6 -42
295 V 7 11 -48
295 V 9 0 -18
295 V 9 0 -18
295 V 9 0 -18
295 V 11 13 -60
295 V 13 11 -60
295 L 9 9 9
296 Q 153
296 T 33 272 394
296 D 626 117 410 156 94 310 74 583
296 V 1 13 -60
296 V 8 10 -54
296 V 10 3 -12
296 V 11 13 -60
296 V 13 11 -60
296 V 20 5 -18
296 V 20 5 -18
296 V 20 5 -18
296 L -10 -10 -10 -10 -10 -20 -20 -20
297 Q 152
297 T 226 227 527
297 V 1 13 -60
297 V 10 3 -60
297 V 11 13 -60
297 V 13 11 -60
298 Q 153
298 T 551 983
298 V 1 13 -60
298 V 10 3 -60
298 V 11 13 -60
298 V 13 11 -60
299 Q 154
299 T 520 688
299 V 1 13 -60
299 V 10 3 -60
299 V 11 13 -60
299 V 13 11 -60
300 Q 153
300 T 911 984 985
300 P 752 944
300 V 1 13 -60
300 V 6 4 -54
300 V 10 3 -60
300 V 11 13 -60
300 V 13 11 -60
300 V 15 4 -12
300 L 6 15
300 R 3 6 4 4 4 3 3 3 2 3 6
300 M 3 35
300 R 10 3 3 6 7 6 4
300 M 10 61
300 R 11 13 13 12 11 10 8 7 8 10 11 12
300 M 11 149
300 R 11 13 13 12 11 10 8 7 7 8 10 11 12
300 M 11 253
300 R 10 3 3 6 7 7 6 4 3
300 M 10 469
300 R 10 3 3 4 6 7 7 7 6 4 3
300 M 10 548
300 R 13 11 11 10 8 7 6 3
300 M 13 569
301 Q 145
301 T 732
301 V 1 13 -60
301 V 10 3 -60
301 V 11 13 -60
301 V 13 11 -60
302 Q 147
302 T 621 848 1012
302 P 56
302 V 1 13 -60
302 V 2 8 -24
302 V 20 4 -42
302 V 24 6 -12
302 L 20
303 Q 146
303 T 706
303 P 784 64
303 D 603 493
303 V 1 13 -60
303 V 3 4 -30
303 V 3 4 -30
303 V 3 4 -30
303 V 7 12 -6
303 V 7 12 -6
303 V 8 11 -36
303 L 3 3 -7 -7
304 Q 148
304 V 1 13 -60
304 V 22 12 -54
305 Q 150
305 T 60 73 131 838
305 V 1 13 -60
305 V 11 12 -36
306 Q 148
306 T 75 959
306 D 664
306 V 1 13 -60
306 V 19 12 -54
306 L -19
307 Q 152
307 T 499
307 P 39 483 519
307 D 752 917
307 V 1 13 -60
307 V 6 3 -18
307 V 6 3 -18
307 V 6 3 -18
307 V 6 3 -18
307 V 19 12 -60
307 V 21 10 -6
307 L -6 6 6 6 -21
308 Q 155
308 T 154 777
308 P 99 171 548 111 203 379
308 D 477 436 317 547 508 408 518
308 V 1 13 -60
308 V 4 3 -24
308 V 4 3 -24
308 V 7 13 -42
308 V 10 4 -24
308 V 13 10 -42
308 V 15 3 -36
308 V 16 3 -24
308 V 16 3 -24
308 V 16 3 -24
308 V 16 3 -24
308 V 19 12 -60
308 V 22 13 -30
308 L 4 4 -7 -7 10 16 16 -16 16 -22 -22 -22 -22
309 Q 158
309 T 242 320
309 D 56 174 314
309 V 1 13 -60
309 V 7 13 -60
309 V 19 12 -60
309 V 20 3 -6
309 V 22 13 -60
309 V 23 10 -12
309 V 23 10 -12
309 L -20 -23 -23
310 Q 157
310 V 1 13 -60
310 V 5 8 0
310 V 7 13 -60
310 V 19 12 -60
310 V 22 13 -60
311 Q 160
311 T 397 758 782
311 D 784 921 64
311 V 1 13 -60
311 V 3 3 -54
311 V 3 3 -54
311 V 3 3 -54
311 V 7 13 -60
311 V 18 12 0
311 V 19 12 -60
311 V 22 13 -60
311 L -3 -3 -3
312 Q 158
312 T 654 837 973
312 D 434
312 V 1 13 -60
312 V 7 13 -60
312 V 8 12 -54
312 V 19 12 -60
312 V 22 13 -60
312 L -8
313 Q 161
313 V 1 13 -60
313 V 7 13 -60
313 V 19 12 -60
313 V 22 13 -60
314 Q 165
314 T 51 316 361
314 D 622 82 533 944
314 V 1 13 -60
314 V 7 13 -60
314 V 9 3 -12
314 V 9 3 -12
314 V 9 3 -12
314 V 11 11 -54
314 V 15 2 -48
314 V 19 12 -60
314 V 22 13 -60
314 V 25 6 -6
314 L -9 -9 -9 -15
315 Q 164
315 T 679 903 1001
315 D 795
315 V 1 13 -60
315 V 7 13 -60
315 V 14 12 0
315 V 19 12 -60
315 V 21 11 -48
315 V 22 13 -60
315 L -14
316 Q 161
316 T 178 229 306 510 982
316 D 237 369 419 513 417 566
316 V 1 13 -60
316 V 3 2 -6
316 V 7 13 -60
316 V 8 13 -30
316 V 10 6 -12
316 V 14 12 -60
316 V 18 13 -36
316 V 19 12 -60
316 V 22 13 -60
316 L -3 -8 -8 -18 -18 -18
317 Q 158
317 T 65 1022
317 V 1 13 -60
317 V 7 13 -60
317 V 8 13 -60
317 V 14 12 -60
317 V 18 13 -60
317 V 19 12 -60
317 V 22 13 -60
317 V 23 11 -54
318 Q 160
318 T 275 501
318 V 1 13 -60
318 V 7 13 -60
318 V 8 13 -60
318 V 14 12 -60
318 V 18 13 -60
318 V 19 12 -60
318 V 22 13 -60
319 Q 162
319 P 489
319 V 1 13 -60
319 V 2 10 -30
319 V 5 7 0
319 V 7 13 -60
319 V 8 13 -60
319 V 14 12 -60
319 V 15 3 0
319 V 18 13 -60
319 V 19 12 -60
319 V 22 13 -60
319 L 5
320 Q 166
320 T 528 763 975
320 V 1 13 -60
320 V 7 13 -60
320 V 8 13 -60
320 V 14 12 -60
320 V 18 13 -60
320 V 19 12 -60
320 V 22 13 -60
321 Q 167
321 T 771 845 1013 1023
321 V 1 13 -60
321 V 7 13 -60
321 V 8 13 -60
321 V 11 10 -36
321 V 14 12 -60
321 V 18 13 -60
321 V 19 12 -60
321 V 22 13 -60
322 Q 168
322 T 43 319 498 1004
322 P 35
322 V 1 13 -60
322 V 3 3 -18
322 V 6 6 -36
322 V 7 13 -60
322 V 8 13 -60
322 V 14 12 -60
322 V 18 13 -60
322 V 19 12 -60
322 V 22 13 -60
322 L 3
323 Q 164
323 T 186 354 914
323 P 61 469 328 872
323 D 548 93 349
323 V 1 13 -60
323 V 7 13 -60
323 V 8 13 -60
323 V 10 7 -36
323 V 10 7 -36
323 V 10 7 -36
323 V 14 12 -60
323 V 16 6 -42
323 V 18 13 -60
323 V 19 12 -60
323 V 21 12 -6
323 V 21 12 -6
323 V 22 13 -60
323 V 25 4 -54
323 V 25 4 -54
323 L 10 10 -10 -21 -21 25 25
324 Q 163
324 T 658 924
324 V 1 13 -60
324 V 7 13 -60
324 V 8 13 -60
324 V 14 12 -60
324 V 18 13 -60
324 V 19 12 -60
324 V 22 13 -60
325 Q 165
325 D 135
325 V 1 13 -60
325 V 7 13 -60
325 V 8 13 -60
325 V 13 8 -48
325 V 14 12 -60
325 V 18 13 -60
325 V 19 12 -60
325 V 22 13 -60
325 V 23 12 -12
325 L -23
326 Q 168
326 T 672
326 V 1 13 -60
326 V 2 11 -12
326 V 5 6 -24
326 V 7 13 -60
326 V 8 13 -60
326 V 14 12 -60
326 V 18 13 -60
326 V 19 12 -60
326 V 22 13 -60
327 Q 170
327 T 223 439 731
327 P 266
327 V 1 13 -60
327 V 4 0 -18
327 V 7 13 -60
327 V 8 13 -60
327 V 14 12 -60
327 V 18 13 -60
327 V 19 12 -60
327 V 22 13 -60
327 L 4
328 Q 171
328 T 118 402 466
328 P 958
328 D 109 1025
328 V 1 13 -60
328 V 7 13 -60
328 V 8 13 -60
328 V 14 12 -60
328 V 18 13 -60
328 V 19 12 -60
328 V 20 0 0
328 V 21 13 -42
328 V 22 13 -60
328 L 20 -21 -21
329 Q 169
329 T 677 937
329 V 1 13 -60
329 V 7 13 -60
329 V 8 13 -60
329 V 9 6 -30
329 V 10 6 0
329 V 14 12 -60
329 V 18 13 -60
329 V 19 12 -60
329 V 21 13 -60
329 V 22 13 -60
330 Q 169
330 P 123 307
330 D 331 328
330 V 1 13 -60
330 V 7 13 -60
330 V 8 13 -60
330 V 14 12 -60
330 V 18 13 -60
330 V 19 12 -60
330 V 21 13 -60
330 V 22 13 -60
330 V 23 13 -48
330 V 25 3 -18
330 V 25 3 -18
330 V 25 3 -18
330 L -23 25 25 -25
330 R 9 6 7 7 7 6 3
330 M 9 1021
331 Q 171
331 T 558 667
331 V 1 13 -60
331 V 7 13 -60
331 V 8 13 -60
331 V 14 12 -60
331 V 18 13 -60
331 V 19 12 -60
331 V 21 13 -60
331 V 22 13 -60
331 V 23 13 -60
332 Q 170
332 T 330 356
332 V 1 13 -60
332 V 7 13 -60
332 V 8 13 -60
332 V 14 12 -60
332 V 18 13 -60
332 V 19 12 -60
332 V 21 13 -60
332 V 22 13 -60
332 V 23 13 -60
333 Q 171
333 T 62
333 V 1 13 -60
333 V 7 13 -60
333 V 8 13 -60
333 V 14 12 -60
333 V 17 12 -6
333 V 18 13 -60
333 V 19 12 -60
333 V 21 13 -60
333 V 22 13 -60
333 V 23 13 -60
334 Q 173
334 T 181 254 946
334 P 652 696 569
334 D 759
334 V 1 13 -60
334 V 5 4 -12
334 V 5 4 -12
334 V 7 13 -60
334 V 8 13 -60
334 V 12 12 -42
334 V 13 7 -48
334 V 14 12 -60
334 V 15 6 -18
334 V 18 13 -60
334 V 19 12 -60
334 V 21 13 -60
334 V 22 13 -60
334 V 23 13 -60
334 L 5 5 -12 13
335 Q 172
335 T 27 326 457 897
335 D 685
335 V 1 13 -60
335 V 2 12 -30
335 V 7 13 -60
335 V 8 13 -60
335 V 12 12 -60
335 V 14 12 -60
335 V 18 13 -60
335 V 19 12 -60
335 V 21 13 -60
335 V 22 13 -60
335 V 23 13 -60
335 L -2
336 Q 173
336 T 290 446 947
336 P 1021
336 D 918
336 V 1 13 -60
336 V 7 13 -60
336 V 8 13 -60
336 V 9 7 -54
336 V 9 7 -54
336 V 9 7 -54
336 V 12 12 -60
336 V 14 12 -60
336 V 18 13 -60
336 V 19 12 -60
336 V 21 13 -60
336 V 22 13 -60
336 V 23 13 -60
336 L -9 9
337 Q 174
337 T 722
337 D 35
337 V 1 13 -60
337 V 3 6 -36
337 V 7 13 -60
337 V 8 13 -60
337 V 12 12 -60
337 V 14 12 -60
337 V 18 13 -60
337 V 19 12 -60
337 V 21 13 -60
337 V 22 13 -60
337 V 23 13 -60
337 L -3
338 Q 173
338 T 45 879
338 D 61 309 381
338 V 1 13 -60
338 V 3 6 -60
338 V 7 13 -60
338 V 8 13 -60
338 V 10 4 -48
338 V 11 8 -42
338 V 12 12 -60
338 V 14 12 -60
338 V 17 13 -42
338 V 18 13 -60
338 V 19 12 -60
338 V 21 13 -60
338 V 22 13 -60
338 V 23 13 -60
338 L -10 -17 -17
339 Q 174
339 T 484
339 D 521 539
339 V 1 13 -60
339 V 2 13 -6
339 V 3 6 -60
339 V 7 13 -60
339 V 8 13 -60
339 V 12 12 -60
339 V 14 12 -60
339 V 17 13 -60
339 V 18 13 -60
339 V 19 12 -60
339 V 21 13 -60
339 V 22 13 -60
339 V 23 13 -60
339 L -2 -2
340 Q 177
340 T 424 471
340 V 1 13 -60
340 V 2 13 -60
340 V 3 6 -60
340 V 7 13 -60
340 V 8 13 -60
340 V 12 12 -60
340 V 13 6 -12
340 V 14 12 -60
340 V 17 13 -60
340 V 18 13 -60
340 V 19 12 -60
340 V 21 13 -60
340 V 22 13 -60
340 V 23 13 -60
341 Q 176
341 T 211 286 470
341 P 1017
341 V 1 13 -60
341 V 2 13 -60
341 V 3 6 -60
341 V 7 13 -60
341 V 8 13 -60
341 V 12 12 -60
341 V 14 12 -60
341 V 15 7 -42
341 V 17 13 -60
341 V 18 13 -60
341 V 19 12 -60
341 V 21 13 -60
341 V 22 13 -60
341 V 23 13 -60
341 L 15
342 Q 176
342 T 200 251 294 490 584 638 791
342 D 696 739
342 V 1 13 -60
342 V 2 13 -60
342 V 3 6 -60
342 V 5 3 -36
342 V 7 13 -60
342 V 8 13 -60
342 V 9 6 -18
342 V 12 12 -60
342 V 14 12 -60
342 V 17 13 -60
342 V 18 13 -60
342 V 19 12 -60
342 V 21 13 -60
342 V 22 13 -60
342 V 23 13 -60
342 V 24 12 -42
342 L -5 -24
343 Q 172
343 T 298 753 841
343 D 379
343 V 1 13 -60
343 V 2 13 -60
343 V 3 6 -60
343 V 7 13 -60
343 V 8 13 -60
343 V 12 12 -60
343 V 14 12 -60
343 V 16 9 -12
343 V 17 13 -60
343 V 18 13 -60
343 V 19 12 -60
343 V 21 13 -60
343 V 22 13 -60
343 V 23 13 -60
343 L -16
344 Q 171
344 T 283 474 573
344 V 1 13 -60
344 V 2 13 -60
344 V 3 6 -60
344 V 7 13 -60
344 V 8 13 -60
344 V 12 12 -60
344 V 14 12 -60
344 V 17 13 -60
344 V 18 13 -60
344 V 19 12 -60
344 V 21 13 -60
344 V 22 13 -60
344 V 23 13 -60
345 Q 171
345 T 72 299 910 999
345 D 469
345 V 1 13 -60
345 V 2 13 -60
345 V 3 6 -60
345 V 7 13 -60
345 V 8 13 -60
345 V 10 3 -12
345 V 12 12 -60
345 V 14 12 -60
345 V 17 13 -60
345 V 18 13 -60
345 V 19 12 -60
345 V 21 13 -60
345 V 22 13 -60
345 V 23 13 -60
345 V 25 6 -36
345 L -10
346 Q 169
346 D 266 337 218
346 V 1 13 -60
346 V 2 13 -60
346 V 3 6 -60
346 V 4 3 -12
346 V 4 3 -12
346 V 7 13 -60
346 V 8 13 -60
346 V 10 3 -60
346 V 12 12 -60
346 V 14 12 -60
346 V 17 13 -60
346 V 18 13 -60
346 V 19 12 -60
346 V 21 13 -60
346 V 22 13 -60
346 V 23 13 -60
346 V 24 13 -18
346 L -4 -4 -24
347 Q 170
347 T 370 526 529 898
347 P 149 253
347 V 1 13 -60
347 V 2 13 -60
347 V 3 6 -60
347 V 7 13 -60
347 V 8 13 -60
347 V 10 3 -60
347 V 11 7 -42
347 V 11 7 -42
347 V 12 12 -60
347 V 14 12 -60
347 V 17 13 -60
347 V 18 13 -60
347 V 19 12 -60
347 V 21 13 -60
347 V 22 13 -60
347 V 23 13 -60
347 V 24 13 -60
347 L 11 11
348 Q 169
348 T 260 322 723 800
348 D 958
348 V 1 13 -60
348 V 2 13 -60
348 V 3 6 -60
348 V 7 13 -60
348 V 8 13 -60
348 V 10 3 -60
348 V 12 12 -60
348 V 14 12 -60
348 V 17 13 -60
348 V 18 13 -60
348 V 19 12 -60
348 V 20 3 -54
348 V 21 13 -60
348 V 22 13 -60
348 V 23 13 -60
348 V 24 13 -60
348 L -20
349 Q 168
349 T 179 454 637
349 V 1 13 -60
349 V 2 13 -60
349 V 3 6 -60
349 V 7 13 -60
349 V 8 13 -60
349 V 10 3 -60
349 V 12 12 -60
349 V 14 12 -60
349 V 17 13 -60
349 V 18 13 -60
349 V 19 12 -60
349 V 20 3 -60
349 V 21 13 -60
349 V 22 13 -60
349 V 23 13 -60
349 V 24 13 -60
350 Q 167
350 T 415 505
350 V 1 13 -60
350 V 2 13 -60
350 V 3 6 -60
350 V 7 13 -60
350 V 8 13 -60
350 V 10 3 -60
350 V 12 12 -60
350 V 14 12 -60
350 V 15 8 -42
350 V 17 13 -60
350 V 18 13 -60
350 V 19 12 -60
350 V 20 3 -60
350 V 21 13 -60
350 V 22 13 -60
350 V 23 13 -60
350 V 24 13 -60
351 Q 171
351 T 525 692 741 871
351 V 1 13 -60
351 V 2 13 -60
351 V 3 6 -60
351 V 7 13 -60
351 V 8 13 -60
351 V 10 3 -60
351 V 12 12 -60
351 V 14 12 -60
351 V 17 13 -60
351 V 18 13 -60
351 V 19 12 -60
351 V 20 3 -60
351 V 21 13 -60
351 V 22 13 -60
351 V 23 13 -60
351 V 24 13 -60
352 Q 167
352 T 955
352 V 1 13 -60
352 V 2 13 -60
352 V 3 6 -60
352 V 7 13 -60
352 V 8 13 -60
352 V 10 3 -60
352 V 12 12 -60
352 V 14 12 -60
352 V 17 13 -60
352 V 18 13 -60
352 V 19 12 -60
352 V 20 3 -60
352 V 21 13 -60
352 V 22 13 -60
352 V 23 13 -60
352 V 24 13 -60
353 Q 168
353 T 682 804
353 V 1 13 -60
353 V 2 13 -60
353 V 3 6 -60
353 V 7 13 -60
353 V 8 13 -60
353 V 10 3 -60
353 V 12 12 -60
353 V 14 12 -60
353 V 17 13 -60
353 V 18 13 -60
353 V 19 12 -60
353 V 20 3 -60
353 V 21 13 -60
353 V 22 13 -60
353 V 23 13 -60
353 V 24 13 -60
354 Q 169
354 T 236 431 727
354 V 1 13 -60
354 V 2 13 -60
354 V 3 6 -60
354 V 7 13 -60
354 V 8 13 -60
354 V 10 3 -60
354 V 12 12 -60
354 V 14 12 -60
354 V 17 13 -60
354 V 18 13 -60
354 V 19 12 -60
354 V 20 3 -60
354 V 21 13 -60
354 V 22 13 -60
354 V 23 13 -60
354 V 24 13 -60
355 Q 169
355 T 90 882
355 D 569
355 V 1 13 -60
355 V 2 13 -60
355 V 3 6 -60
355 V 7 13 -60
355 V 8 13 -60
355 V 10 3 -60
355 V 12 12 -60
355 V 13 3 -30
355 V 14 12 -60
355 V 17 13 -60
355 V 18 13 -60
355 V 19 12 -60
355 V 20 3 -60
355 V 21 13 -60
355 V 22 13 -60
355 V 23 13 -60
355 V 24 13 -60
355 L -13
356 Q 169
356 T 191 348 641
356 V 1 13 -60
356 V 2 13 -60
356 V 3 6 -60
356 V 7 13 -60
356 V 8 13 -60
356 V 10 3 -60
356 V 11 8 -42
356 V 12 12 -60
356 V 13 3 -60
356 V 14 12 -60
356 V 17 13 -60
356 V 18 13 -60
356 V 19 12 -60
356 V 20 3 -60
356 V 21 13 -60
356 V 22 13 -60
356 V 23 13 -60
356 V 24 13 -60
357 Q 169
357 T 67 305
357 D 1021
357 V 1 13 -60
357 V 2 13 -60
357 V 3 6 -60
357 V 5 6 -54
357 V 7 13 -60
357 V 8 13 -60
357 V 9 3 -36
357 V 10 3 -60
357 V 12 12 -60
357 V 13 3 -60
357 V 14 12 -60
357 V 17 13 -60
357 V 18 13 -60
357 V 19 12 -60
357 V 20 3 -60
357 V 21 13 -60
357 V 22 13 -60
357 V 23 13 -60
357 V 24 13 -60
357 L -9
358 Q 171
358 T 258 571
358 V 1 13 -60
358 V 2 13 -60
358 V 3 6 -60
358 V 7 13 -60
358 V 8 13 -60
358 V 9 3 -60
358 V 10 3 -60
358 V 12 12 -60
358 V 13 3 -60
358 V 14 12 -60
358 V 17 13 -60
358 V 18 13 -60
358 V 19 12 -60
358 V 20 3 -60
358 V 21 13 -60
358 V 22 13 -60
358 V 23 13 -60
358 V 24 13 -60
359 Q 171
359 T 663 684 786 977
359 V 1 13 -60
359 V 2 13 -60
359 V 3 6 -60
359 V 7 13 -60
359 V 8 13 -60
359 V 9 3 -60
359 V 10 3 -60
359 V 12 12 -60
359 V 13 3 -60
359 V 14 12 -60
359 V 17 13 -60
359 V 18 13 -60
359 V 19 12 -60
359 V 20 3 -60
359 V 21 13 -60
359 V 22 13 -60
359 V 23 13 -60
359 V 24 13 -60
360 Q 167
360 T 83 240 746
360 V 1 13 -60
360 V 2 13 -60
360 V 3 6 -60
360 V 7 13 -60
360 V 8 13 -60
360 V 9 3 -60
360 V 10 3 -60
360 V 12 12 -60
360 V 13 3 -60
360 V 14 12 -60
360 V 17 13 -60
360 V 18 13 -60
360 V 19 12 -60
360 V 20 3 -60
360 V 21 13 -60
360 V 22 13 -60
360 V 23 13 -60
360 V 24 13 -60
361 Q 164
361 T 789
361 D 483 39 519
361 V 1 13 -60
361 V 2 13 -60
361 V 3 6 -60
361 V 4 6 -30
361 V 6 12 -6
361 V 7 13 -60
361 V 8 13 -60
361 V 9 3 -60
361 V 10 3 -60
361 V 12 12 -60
361 V 13 3 -60
361 V 14 12 -60
361 V 17 13 -60
361 V 18 13 -60
361 V 19 12 -60
361 V 20 3 -60
361 V 21 13 -60
361 V 22 13 -60
361 V 23 13 -60
361 V 24 13 -60
361 L -6 -6 -6
362 Q 163
362 T 165 587
362 V 1 13 -60
362 V 2 13 -60
362 V 3 6 -60
362 V 6 12 -60
362 V 7 13 -60
362 V 8 13 -60
362 V 9 3 -60
362 V 10 3 -60
362 V 12 12 -60
362 V 13 3 -60
362 V 14 12 -60
362 V 17 13 -60
362 V 18 13 -60
362 V 19 12 -60
362 V 20 3 -60
362 V 21 13 -60
362 V 22 13 -60
362 V 23 13 -60
362 V 24 13 -60
363 Q 161
363 T 41 252 643
363 V 1 13 -60
363 V 2 13 -60
363 V 3 6 -60
363 V 6 12 -60
363 V 7 13 -60
363 V 8 13 -60
363 V 9 3 -60
363 V 10 3 -60
363 V 12 12 -60
363 V 13 3 -60
363 V 14 12 -60
363 V 17 13 -60
363 V 18 13 -60
363 V 19 12 -60
363 V 20 3 -60
363 V 21 13 -60
363 V 22 13 -60
363 V 23 13 -60
363 V 24 13 -60
364 Q 158
364 T 856 998
364 V 1 13 -60
364 V 2 13 -60
364 V 3 6 -60
364 V 6 12 -60
364 V 7 13 -60
364 V 8 13 -60
364 V 9 3 -60
364 V 10 3 -60
364 V 12 12 -60
364 V 13 3 -60
364 V 14 12 -60
364 V 16 6 -42
364 V 17 13 -60
364 V 18 13 -60
364 V 19 12 -60
364 V 20 3 -60
364 V 21 13 -60
364 V 22 13 -60
364 V 23 13 -60
364 V 24 13 -60
365 Q 156
365 T 228 293 927
365 V 1 13 -60
365 V 2 13 -60
365 V 3 6 -60
365 V 6 12 -60
365 V 7 13 -60
365 V 8 13 -60
365 V 9 3 -60
365 V 10 3 -60
365 V 12 12 -60
365 V 13 3 -60
365 V 14 12 -60
365 V 17 13 -60
365 V 18 13 -60
365 V 19 12 -60
365 V 20 3 -60
365 V 21 13 -60
365 V 22 13 -60
365 V 23 13 -60
365 V 24 13 -60
366 Q 153
366 T 53 981
366 V 1 13 -60
366 V 2 13 -60
366 V 3 6 -60
366 V 6 12 -60
366 V 7 13 -60
366 V 8 13 -60
366 V 9 3 -60
366 V 10 3 -60
366 V 12 12 -60
366 V 13 3 -60
366 V 14 12 -60
366 V 17 13 -60
366 V 18 13 -60
366 V 19 12 -60
366 V 20 3 -60
366 V 21 13 -60
366 V 22 13 -60
366 V 23 13 -60
366 V 24 13 -60
367 Q 151
367 T 596 840
367 V 1 13 -60
367 V 2 13 -60
367 V 3 6 -60
367 V 6 12 -60
367 V 7 13 -60
367 V 8 13 -60
367 V 9 3 -60
367 V 10 3 -60
367 V 12 12 -60
367 V 13 3 -60
367 V 14 12 -60
367 V 15 10 -48
367 V 17 13 -60
367 V 18 13 -60
367 V 19 12 -60
367 V 20 3 -60
367 V 21 13 -60
367 V 22 13 -60
367 V 23 13 -60
367 V 24 13 -60
368 Q 149
368 T 28 399 702 806 891 919
368 V 1 13 -60
368 V 2 13 -60
368 V 3 6 -60
368 V 6 12 -60
368 V 7 13 -60
368 V 8 13 -60
368 V 9 3 -60
368 V 10 3 -60
368 V 12 12 -60
368 V 13 3 -60
368 V 14 12 -60
368 V 17 13 -60
368 V 18 13 -60
368 V 19 12 -60
368 V 20 3 -60
368 V 21 13 -60
368 V 22 13 -60
368 V 23 13 -60
368 V 24 13 -60
369 Q 143
369 T 494 721 885 956
369 V 1 13 -60
369 V 2 13 -60
369 V 3 6 -60
369 V 6 12 -60
369 V 7 13 -60
369 V 8 13 -60
369 V 9 3 -60
369 V 10 3 -60
369 V 12 12 -60
369 V 13 3 -60
369 V 14 12 -60
369 V 17 13 -60
369 V 18 13 -60
369 V 19 12 -60
369 V 20 3 -60
369 V 21 13 -60
369 V 22 13 -60
369 V 23 13 -60
369 V 24 13 -60
370 Q 139
370 T 133 579 699 963 996
370 V 1 13 -60
370 V 2 13 -60
370 V 3 6 -60
370 V 6 12 -60
370 V 7 13 -60
370 V 8 13 -60
370 V 9 3 -60
370 V 10 3 -60
370 V 12 12 -60
370 V 13 3 -60
370 V 14 12 -60
370 V 17 13 -60
370 V 18 13 -60
370 V 19 12 -60
370 V 20 3 -60
370 V 21 13 -60
370 V 22 13 -60
370 V 23 13 -60
370 V 24 13 -60
371 Q 134
371 T 567
371 V 1 13 -60
371 V 2 13 -60
371 V 3 6 -60
371 V 6 12 -60
371 V 7 13 -60
371 V 8 13 -60
371 V 9 3 -60
371 V 10 3 -60
371 V 12 12 -60
371 V 13 3 -60
371 V 14 12 -60
371 V 17 13 -60
371 V 18 13 -60
371 V 19 12 -60
371 V 20 3 -60
371 V 21 13 -60
371 V 22 13 -60
371 V 23 13 -60
371 V 24 13 -60
372 Q 133
372 T 535 673 953
372 V 1 13 -60
372 V 2 13 -60
372 V 3 6 -60
372 V 6 12 -60
372 V 7 13 -60
372 V 8 13 -60
372 V 9 3 -60
372 V 10 3 -60
372 V 12 12 -60
372 V 13 3 -60
372 V 14 12 -60
372 V 17 13 -60
372 V 18 13 -60
372 V 19 12 -60
372 V 20 3 -60
372 V 21 13 -60
372 V 22 13 -60
372 V 23 13 -60
372 V 24 13 -60
373 Q 130
373 D 253
373 V 1 13 -60
373 V 2 13 -60
373 V 3 6 -60
373 V 6 12 -60
373 V 7 13 -60
373 V 8 13 -60
373 V 9 3 -60
373 V 10 3 -60
373 V 11 10 -48
373 V 12 12 -60
373 V 13 3 -60
373 V 14 12 -60
373 V 17 13 -60
373 V 18 13 -60
373 V 19 12 -60
373 V 20 3 -60
373 V 21 13 -60
373 V 22 13 -60
373 V 23 13 -60
373 V 24 13 -60
373 L -11
374 Q 130
374 T 49 127 169 281 371 811
374 V 1 13 -60
374 V 2 13 -60
374 V 3 6 -60
374 V 6 12 -60
374 V 7 13 -60
374 V 8 13 -60
374 V 9 3 -60
374 V 10 3 -60
374 V 12 12 -60
374 V 13 3 -60
374 V 14 12 -60
374 V 15 11 -30
374 V 17 13 -60
374 V 18 13 -60
374 V 19 12 -60
374 V 20 3 -60
374 V 21 13 -60
374 V 22 13 -60
374 V 23 13 -60
374 V 24 13 -60
375 Q 124
375 T 44 55 282 883
375 V 1 13 -60
375 V 2 13 -60
375 V 3 6 -60
375 V 6 12 -60
375 V 7 13 -60
375 V 8 13 -60
375 V 9 3 -60
375 V 10 3 -60
375 V 12 12 -60
375 V 13 3 -60
375 V 14 12 -60
375 V 17 13 -60
375 V 18 13 -60
375 V 19 12 -60
375 V 20 3 -60
375 V 21 13 -60
375 V 22 13 -60
375 V 23 13 -60
375 V 24 13 -60
376 Q 120
376 T 852 877
376 V 1 13 -60
376 V 2 13 -60
376 V 3 6 -60
376 V 6 12 -60
376 V 7 13 -60
376 V 8 13 -60
376 V 9 3 -60
376 V 10 3 -60
376 V 12 12 -60
376 V 13 3 -60
376 V 14 12 -60
376 V 17 13 -60
376 V 18 13 -60
376 V 19 12 -60
376 V 20 3 -60
376 V 21 13 -60
376 V 22 13 -60
376 V 23 13 -60
376 V 24 13 -60
377 Q 118
377 V 1 13 -60
377 V 2 13 -60
377 V 3 6 -60
377 V 6 12 -60
377 V 7 13 -60
377 V 8 13 -60
377 V 9 3 -60
377 V 10 3 -60
377 V 12 12 -60
377 V 13 3 -60
377 V 14 12 -60
377 V 17 13 -60
377 V 18 13 -60
377 V 19 12 -60
377 V 20 3 -60
377 V 21 13 -60
377 V 22 13 -60
377 V 23 13 -60
377 V 24 13 -60
378 Q 118
378 T 195 829
378 V 1 13 -60
378 V 2 13 -60
378 V 3 6 -60
378 V 6 12 -60
378 V 7 13 -60
378 V 8 13 -60
378 V 9 3 -60
378 V 10 3 -60
378 V 12 12 -60
378 V 13 3 -60
378 V 14 12 -60
378 V 17 13 -60
378 V 18 13 -60
378 V 19 12 -60
378 V 20 3 -60
378 V 21 13 -60
378 V 22 13 -60
378 V 23 13 -60
378 V 24 13 -60
379 Q 116
379 T 212 255 395 524
379 V 1 13 -60
379 V 2 13 -60
379 V 3 6 -60
379 V 6 12 -60
379 V 7 13 -60
379 V 8 13 -60
379 V 9 3 -60
379 V 10 3 -60
379 V 12 12 -60
379 V 13 3 -60
379 V 14 12 -60
379 V 17 13 -60
379 V 18 13 -60
379 V 19 12 -60
379 V 20 3 -60
379 V 21 13 -60
379 V 22 13 -60
379 V 23 13 -60
379 V 24 13 -60
380 Q 112
380 T 87 224 744 780
380 V 1 13 -60
380 V 2 13 -60
380 V 3 6 -60
380 V 6 12 -60
380 V 7 13 -60
380 V 8 13 -60
380 V 9 3 -60
380 V 10 3 -60
380 V 11 11 -30
380 V 12 12 -60
380 V 13 3 -60
380 V 14 12 -60
380 V 17 13 -60
380 V 18 13 -60
380 V 19 12 -60
380 V 20 3 -60
380 V 21 13 -60
380 V 22 13 -60
380 V 23 13 -60
380 V 24 13 -60
381 Q 108
381 T 230 280 770 964
381 V 1 13 -60
381 V 2 13 -60
381 V 3 6 -60
381 V 6 12 -60
381 V 7 13 -60
381 V 8 13 -60
381 V 9 3 -60
381 V 10 3 -60
381 V 12 12 -60
381 V 13 3 -60
381 V 14 12 -60
381 V 17 13 -60
381 V 18 13 -60
381 V 19 12 -60
381 V 20 3 -60
381 V 21 13 -60
381 V 22 13 -60
381 V 23 13 -60
381 V 24 13 -60
382 Q 104
382 T 199 765 787 940
382 V 1 13 -60
382 V 2 13 -60
382 V 3 6 -60
382 V 6 12 -60
382 V 7 13 -60
382 V 8 13 -60
382 V 9 3 -60
382 V 10 3 -60
382 V 12 12 -60
382 V 13 3 -60
382 V 14 12 -60
382 V 17 13 -60
382 V 18 13 -60
382 V 19 12 -60
382 V 20 3 -60
382 V 21 13 -60
382 V 22 13 -60
382 V 23 13 -60
382 V 24 13 -60
383 Q 100
383 T 46 455 623 656 1006
383 V 1 13 -60
383 V 2 13 -60
383 V 3 6 -60
383 V 6 12 -60
383 V 7 13 -60
383 V 8 13 -60
383 V 9 3 -60
383 V 10 3 -60
383 V 12 12 -60
383 V 13 3 -60
383 V 14 12 -60
383 V 15 12 -48
383 V 17 13 -60
383 V 18 13 -60
383 V 19 12 -60
383 V 20 3 -60
383 V 21 13 -60
383 V 22 13 -60
383 V 23 13 -60
383 V 24 13 -60
384 Q 95
384 D 872 307
384 V 1 13 -60
384 V 2 13 -60
384 V 3 6 -60
384 V 6 12 -60
384 V 7 13 -60
384 V 8 13 -60
384 V 9 3 -60
384 V 10 3 -60
384 V 12 12 -60
384 V 13 3 -60
384 V 14 12 -60
384 V 17 13 -60
384 V 18 13 -60
384 V 19 12 -60
384 V 20 3 -60
384 V 21 13 -60
384 V 22 13 -60
384 V 23 13 -60
384 V 24 13 -60
384 V 25 12 -6
384 V 25 12 -6
384 L -25 -25
385 Q 95
385 T 467 578
385 V 1 13 -60
385 V 2 13 -60
385 V 3 6 -60
385 V 6 12 -60
385 V 7 13 -60
385 V 8 13 -60
385 V 9 3 -60
385 V 10 3 -60
385 V 12 12 -60
385 V 13 3 -60
385 V 14 12 -60
385 V 17 13 -60
385 V 18 13 -60
385 V 19 12 -60
385 V 20 3 -60
385 V 21 13 -60
385 V 22 13 -60
385 V 23 13 -60
385 V 24 13 -60
386 Q 93
386 T 347 585 619 807
386 V 1 13 -60
386 V 2 13 -60
386 V 3 6 -60
386 V 6 12 -60
386 V 7 13 -60
386 V 8 13 -60
386 V 9 3 -60
386 V 10 3 -60
386 V 12 12 -60
386 V 13 3 -60
386 V 14 12 -60
386 V 17 13 -60
386 V 18 13 -60
386 V 19 12 -60
386 V 20 3 -60
386 V 21 13 -60
386 V 22 13 -60
386 V 23 13 -60
386 V 24 13 -60
387 Q 89
387 T 110 407 522
387 D 1017
387 V 1 13 -60
387 V 2 13 -60
387 V 3 6 -60
387 V 6 12 -60
387 V 7 13 -60
387 V 8 13 -60
387 V 9 3 -60
387 V 10 3 -60
387 V 12 12 -60
387 V 13 3 -60
387 V 14 12 -60
387 V 15 13 -24
387 V 17 13 -60
387 V 18 13 -60
387 V 19 12 -60
387 V 20 3 -60
387 V 21 13 -60
387 V 22 13 -60
387 V 23 13 -60
387 V 24 13 -60
387 L -15
388 Q 86
388 T 47 704 873
388 V 1 13 -60
388 V 2 13 -60
388 V 3 6 -60
388 V 6 12 -60
388 V 7 13 -60
388 V 8 13 -60
388 V 9 3 -60
388 V 10 3 -60
388 V 12 12 -60
388 V 13 3 -60
388 V 14 12 -60
388 V 15 13 -60
388 V 17 13 -60
388 V 18 13 -60
388 V 19 12 -60
388 V 20 3 -60
388 V 21 13 -60
388 V 22 13 -60
388 V 23 13 -60
388 V 24 13 -60
389 Q 83
389 T 137 530 923 974
389 D 149 123
389 V 1 13 -60
389 V 2 13 -60
389 V 3 6 -60
389 V 6 12 -60
389 V 7 13 -60
389 V 8 13 -60
389 V 9 3 -60
389 V 10 3 -60
389 V 11 12 -48
389 V 12 12 -60
389 V 13 3 -60
389 V 14 12 -60
389 V 15 13 -60
389 V 17 13 -60
389 V 18 13 -60
389 V 19 12 -60
389 V 20 3 -60
389 V 21 13 -60
389 V 22 13 -60
389 V 23 13 -60
389 V 24 13 -60
389 V 25 13 -42
389 L -11 -25
390 Q 79
390 T 144
390 V 1 13 -60
390 V 2 13 -60
390 V 3 6 -60
390 V 6 12 -60
390 V 7 13 -60
390 V 8 13 -60
390 V 9 3 -60
390 V 10 3 -60
390 V 11 12 -60
390 V 12 12 -60
390 V 13 3 -60
390 V 14 12 -60
390 V 15 13 -60
390 V 17 13 -60
390 V 18 13 -60
390 V 19 12 -60
390 V 20 3 -60
390 V 21 13 -60
390 V 22 13 -60
390 V 23 13 -60
390 V 24 13 -60
390 V 25 13 -60
391 Q 78
391 T 651 880
391 V 1 13 -60
391 V 2 13 -60
391 V 3 6 -60
391 V 6 12 -60
391 V 7 13 -60
391 V 8 13 -60
391 V 9 3 -60
391 V 10 3 -60
391 V 11 12 -60
391 V 12 12 -60
391 V 13 3 -60
391 V 14 12 -60
391 V 15 13 -60
391 V 17 13 -60
391 V 18 13 -60
391 V 19 12 -60
391 V 20 3 -60
391 V 21 13 -60
391 V 22 13 -60
391 V 23 13 -60
391 V 24 13 -60
391 V 25 13 -60
392 Q 76
392 T 129 177 715
392 V 1 13 -60
392 V 2 13 -60
392 V 3 6 -60
392 V 6 12 -60
392 V 7 13 -60
392 V 8 13 -60
392 V 9 3 -60
392 V 10 3 -60
392 V 11 12 -60
392 V 12 12 -60
392 V 13 3 -60
392 V 14 12 -60
392 V 15 13 -60
392 V 17 13 -60
392 V 18 13 -60
392 V 19 12 -60
392 V 20 3 -60
392 V 21 13 -60
392 V 22 13 -60
392 V 23 13 -60
392 V 24 13 -60
392 V 25 13 -60
393 Q 73
393 T 894
393 V 1 13 -60
393 V 2 13 -60
393 V 3 6 -60
393 V 6 12 -60
393 V 7 13 -60
393 V 8 13 -60
393 V 9 3 -60
393 V 10 3 -60
393 V 11 12 -60
393 V 12 12 -60
393 V 13 3 -60
393 V 14 12 -60
393 V 15 13 -60
393 V 17 13 -60
393 V 18 13 -60
393 V 19 12 -60
393 V 20 3 -60
393 V 21 13 -60
393 V 22 13 -60
393 V 23 13 -60
393 V 24 13 -60
393 V 25 13 -60
394 Q 72
394 T 269 377 870
394 V 1 13 -60
394 V 2 13 -60
394 V 3 6 -60
394 V 6 12 -60
394 V 7 13 -60
394 V 8 13 -60
394 V 9 3 -60
394 V 10 3 -60
394 V 11 12 -60
394 V 12 12 -60
394 V 13 3 -60
394 V 14 12 -60
394 V 15 13 -60
394 V 17 13 -60
394 V 18 13 -60
394 V 19 12 -60
394 V 20 3 -60
394 V 21 13 -60
394 V 22 13 -60
394 V 23 13 -60
394 V 24 13 -60
394 V 25 13 -60
395 Q 69
395 T 423 443 661
395 V 1 13 -60
395 V 2 13 -60
395 V 3 6 -60
395 V 6 12 -60
395 V 7 13 -60
395 V 8 13 -60
395 V 9 3 -60
395 V 10 3 -60
395 V 11 12 -60
395 V 12 12 -60
395 V 13 3 -60
395 V 14 12 -60
395 V 15 13 -60
395 V 17 13 -60
395 V 18 13 -60
395 V 19 12 -60
395 V 20 3 -60
395 V 21 13 -60
395 V 22 13 -60
395 V 23 13 -60
395 V 24 13 -60
395 V 25 13 -60
396 Q 66
396 T 182 541
396 D 652 489
396 V 1 13 -60
396 V 2 13 -60
396 V 3 6 -60
396 V 5 12 -24
396 V 6 12 -60
396 V 7 13 -60
396 V 8 13 -60
396 V 9 3 -60
396 V 10 3 -60
396 V 11 12 -60
396 V 12 12 -60
396 V 13 3 -60
396 V 14 12 -60
396 V 15 13 -60
396 V 17 13 -60
396 V 18 13 -60
396 V 19 12 -60
396 V 20 3 -60
396 V 21 13 -60
396 V 22 13 -60
396 V 23 13 -60
396 V 24 13 -60
396 V 25 13 -60
396 L -5 -5
397 Q 64
397 T 63 153 289 432 486
397 V 1 13 -60
397 V 2 13 -60
397 V 3 6 -60
397 V 5 12 -60
397 V 6 12 -60
397 V 7 13 -60
397 V 8 13 -60
397 V 9 3 -60
397 V 10 3 -60
397 V 11 12 -60
397 V 12 12 -60
397 V 13 3 -60
397 V 14 12 -60
397 V 15 13 -60
397 V 17 13 -60
397 V 18 13 -60
397 V 19 12 -60
397 V 20 3 -60
397 V 21 13 -60
397 V 22 13 -60
397 V 23 13 -60
397 V 24 13 -60
397 V 25 13 -60
398 Q 59
398 T 113 192 196 750
398 V 1 13 -60
398 V 2 13 -60
398 V 3 6 -60
398 V 5 12 -60
398 V 6 12 -60
398 V 7 13 -60
398 V 8 13 -60
398 V 9 3 -60
398 V 10 3 -60
398 V 11 12 -60
398 V 12 12 -60
398 V 13 3 -60
398 V 14 12 -60
398 V 15 13 -60
398 V 17 13 -60
398 V 18 13 -60
398 V 19 12 -60
398 V 20 3 -60
398 V 21 13 -60
398 V 22 13 -60
398 V 23 13 -60
398 V 24 13 -60
398 V 25 13 -60
399 Q 55
399 V 1 13 -60
399 V 2 13 -60
399 V 3 6 -60
399 V 5 12 -60
399 V 6 12 -60
399 V 7 13 -60
399 V 8 13 -60
399 V 9 3 -60
399 V 10 3 -60
399 V 11 12 -60
399 V 12 12 -60
399 V 13 3 -60
399 V 14 12 -60
399 V 15 13 -60
399 V 17 13 -60
399 V 18 13 -60
399 V 19 12 -60
399 V 20 3 -60
399 V 21 13 -60
399 V 22 13 -60
399 V 23 13 -60
399 V 24 13 -60
399 V 25 13 -60
400 Q 55
400 T 611 631 920
400 D 99
400 V 1 13 -60
400 V 2 13 -60
400 V 3 6 -60
400 V 4 12 0
400 V 5 12 -60
400 V 6 12 -60
400 V 7 13 -60
400 V 8 13 -60
400 V 9 3 -60
400 V 10 3 -60
400 V 11 12 -60
400 V 12 12 -60
400 V 13 3 -60
400 V 14 12 -60
400 V 15 13 -60
400 V 17 13 -60
400 V 18 13 -60
400 V 19 12 -60
400 V 20 3 -60
400 V 21 13 -60
400 V 22 13 -60
400 V 23 13 -60
400 V 24 13 -60
400 V 25 13 -60
400 L -4
401 Q 52
401 T 50 262 705 909
401 V 1 13 -60
401 V 2 13 -60
401 V 3 6 -60
401 V 5 12 -60
401 V 6 12 -60
401 V 7 13 -60
401 V 8 13 -60
401 V 9 3 -60
401 V 10 3 -60
401 V 11 12 -60
401 V 12 12 -60
401 V 13 3 -60
401 V 14 12 -60
401 V 15 13 -60
401 V 17 13 -60
401 V 18 13 -60
401 V 19 12 -60
401 V 20 3 -60
401 V 21 13 -60
401 V 22 13 -60
401 V 23 13 -60
401 V 24 13 -60
401 V 25 13 -60
402 Q 48
402 T 816
402 V 1 13 -60
402 V 2 13 -60
402 V 3 6 -60
402 V 5 12 -60
402 V 6 12 -60
402 V 7 13 -60
402 V 8 13 -60
402 V 9 3 -60
402 V 10 3 -60
402 V 11 12 -60
402 V 12 12 -60
402 V 13 3 -60
402 V 14 12 -60
402 V 15 13 -60
402 V 17 13 -60
402 V 18 13 -60
402 V 19 12 -60
402 V 20 3 -60
402 V 21 13 -60
402 V 22 13 -60
402 V 23 13 -60
402 V 24 13 -60
402 V 25 13 -60
403 Q 47
403 T 502 832 905
403 D 111
403 V 1 13 -60
403 V 2 13 -60
403 V 3 6 -60
403 V 5 12 -60
403 V 6 12 -60
403 V 7 13 -60
403 V 8 13 -60
403 V 9 3 -60
403 V 10 3 -60
403 V 11 12 -60
403 V 12 12 -60
403 V 13 3 -60
403 V 14 12 -60
403 V 15 13 -60
403 V 16 12 -12
403 V 17 13 -60
403 V 18 13 -60
403 V 19 12 -60
403 V 20 3 -60
403 V 21 13 -60
403 V 22 13 -60
403 V 23 13 -60
403 V 24 13 -60
403 V 25 13 -60
403 L -16
404 Q 44
404 T 139 329 793
404 V 1 13 -60
404 V 2 13 -60
404 V 3 6 -60
404 V 5 12 -60
404 V 6 12 -60
404 V 7 13 -60
404 V 8 13 -60
404 V 9 3 -60
404 V 10 3 -60
404 V 11 12 -60
404 V 12 12 -60
404 V 13 3 -60
404 V 14 12 -60
404 V 15 13 -60
404 V 17 13 -60
404 V 18 13 -60
404 V 19 12 -60
404 V 20 3 -60
404 V 21 13 -60
404 V 22 13 -60
404 V 23 13 -60
404 V 24 13 -60
404 V 25 13 -60
405 Q 41
405 T 506 781
405 D 171
405 V 1 13 -60
405 V 2 13 -60
405 V 3 6 -60
405 V 4 13 -36
405 V 5 12 -60
405 V 6 12 -60
405 V 7 13 -60
405 V 8 13 -60
405 V 9 3 -60
405 V 10 3 -60
405 V 11 12 -60
405 V 12 12 -60
405 V 13 3 -60
405 V 14 12 -60
405 V 15 13 -60
405 V 17 13 -60
405 V 18 13 -60
405 V 19 12 -60
405 V 20 3 -60
405 V 21 13 -60
405 V 22 13 -60
405 V 23 13 -60
405 V 24 13 -60
405 V 25 13 -60
405 L -4
406 Q 39
406 T 102 481 774
406 V 1 13 -60
406 V 2 13 -60
406 V 3 6 -60
406 V 4 13 -60
406 V 5 12 -60
406 V 6 12 -60
406 V 7 13 -60
406 V 8 13 -60
406 V 9 3 -60
406 V 10 3 -60
406 V 11 12 -60
406 V 12 12 -60
406 V 13 3 -60
406 V 14 12 -60
406 V 15 13 -60
406 V 17 13 -60
406 V 18 13 -60
406 V 19 12 -60
406 V 20 3 -60
406 V 21 13 -60
406 V 22 13 -60
406 V 23 13 -60
406 V 24 13 -60
406 V 25 13 -60
407 Q 36
407 T 351 378
407 V 1 13 -60
407 V 2 13 -60
407 V 3 6 -60
407 V 4 13 -60
407 V 5 12 -60
407 V 6 12 -60
407 V 7 13 -60
407 V 8 13 -60
407 V 9 3 -60
407 V 10 3 -60
407 V 11 12 -60
407 V 12 12 -60
407 V 13 3 -60
407 V 14 12 -60
407 V 15 13 -60
407 V 17 13 -60
407 V 18 13 -60
407 V 19 12 -60
407 V 20 3 -60
407 V 21 13 -60
407 V 22 13 -60
407 V 23 13 -60
407 V 24 13 -60
407 V 25 13 -60
408 Q 34
408 T 291
408 D 203
408 V 1 13 -60
408 V 2 13 -60
408 V 3 6 -60
408 V 4 13 -60
408 V 5 12 -60
408 V 6 12 -60
408 V 7 13 -60
408 V 8 13 -60
408 V 9 3 -60
408 V 10 3 -60
408 V 11 12 -60
408 V 12 12 -60
408 V 13 3 -60
408 V 14 12 -60
408 V 15 13 -60
408 V 16 13 -48
408 V 17 13 -60
408 V 18 13 -60
408 V 19 12 -60
408 V 20 3 -60
408 V 21 13 -60
408 V 22 13 -60
408 V 23 13 -60
408 V 24 13 -60
408 V 25 13 -60
408 L -16
409 Q 33
409 T 711 730 948
409 V 1 13 -60
409 V 2 13 -60
409 V 3 6 -60
409 V 4 13 -60
409 V 5 12 -60
409 V 6 12 -60
409 V 7 13 -60
409 V 8 13 -60
409 V 9 3 -60
409 V 10 3 -60
409 V 11 12 -60
409 V 12 12 -60
409 V 13 3 -60
409 V 14 12 -60
409 V 15 13 -60
409 V 16 13 -60
409 V 17 13 -60
409 V 18 13 -60
409 V 19 12 -60
409 V 20 3 -60
409 V 21 13 -60
409 V 22 13 -60
409 V 23 13 -60
409 V 24 13 -60
409 V 25 13 -60
410 Q 30
410 T 42 628 785
410 V 1 13 -60
410 V 2 13 -60
410 V 3 6 -60
410 V 4 13 -60
410 V 5 12 -60
410 V 6 12 -60
410 V 7 13 -60
410 V 8 13 -60
410 V 9 3 -60
410 V 10 3 -60
410 V 11 12 -60
410 V 12 12 -60
410 V 13 3 -60
410 V 14 12 -60
410 V 15 13 -60
410 V 16 13 -60
410 V 17 13 -60
410 V 18 13 -60
410 V 19 12 -60
410 V 20 3 -60
410 V 21 13 -60
410 V 22 13 -60
410 V 23 13 -60
410 V 24 13 -60
410 V 25 13 -60
411 Q 27
411 T 859 928
411 V 1 13 -60
411 V 2 13 -60
411 V 3 6 -60
411 V 4 13 -60
411 V 5 12 -60
411 V 6 12 -60
411 V 7 13 -60
411 V 8 13 -60
411 V 9 3 -60
411 V 10 3 -60
411 V 11 12 -60
411 V 12 12 -60
411 V 13 3 -60
411 V 14 12 -60
411 V 15 13 -60
411 V 16 13 -60
411 V 17 13 -60
411 V 18 13 -60
411 V 19 12 -60
411 V 20 3 -60
411 V 21 13 -60
411 V 22 13 -60
411 V 23 13 -60
411 V 24 13 -60
411 V 25 13 -60
412 Q 25
412 T 401 418 550 557 629 962
412 V 1 13 -60
412 V 2 13 -60
412 V 3 6 -60
412 V 4 13 -60
412 V 5 12 -60
412 V 6 12 -60
412 V 7 13 -60
412 V 8 13 -60
412 V 9 3 -60
412 V 10 3 -60
412 V 11 12 -60
412 V 12 12 -60
412 V 13 3 -60
412 V 14 12 -60
412 V 15 13 -60
412 V 16 13 -60
412 V 17 13 -60
412 V 18 13 -60
412 V 19 12 -60
412 V 20 3 -60
412 V 21 13 -60
412 V 22 13 -60
412 V 23 13 -60
412 V 24 13 -60
412 V 25 13 -60
413 Q 19
413 V 1 13 -60
413 V 2 13 -60
413 V 3 6 -60
413 V 4 13 -60
413 V 5 12 -60
413 V 6 12 -60
413 V 7 13 -60
413 V 8 13 -60
413 V 9 3 -60
413 V 10 3 -60
413 V 11 12 -60
413 V 12 12 -60
413 V 13 3 -60
413 V 14 12 -60
413 V 15 13 -60
413 V 16 13 -60
413 V 17 13 -60
413 V 18 13 -60
413 V 19 12 -60
413 V 20 3 -60
413 V 21 13 -60
413 V 22 13 -60
413 V 23 13 -60
413 V 24 13 -60
413 V 25 13 -60
414 Q 19
414 T 125 368
414 V 1 13 -60
414 V 2 13 -60
414 V 3 6 -60
414 V 4 13 -60
414 V 5 12 -60
414 V 6 12 -60
414 V 7 13 -60
414 V 8 13 -60
414 V 9 3 -60
414 V 10 3 -60
414 V 11 12 -60
414 V 12 12 -60
414 V 13 3 -60
414 V 14 12 -60
414 V 15 13 -60
414 V 16 13 -60
414 V 17 13 -60
414 V 18 13 -60
414 V 19 12 -60
414 V 20 3 -60
414 V 21 13 -60
414 V 22 13 -60
414 V 23 13 -60
414 V 24 13 -60
414 V 25 13 -60
415 Q 17
415 T 172 185 978
415 V 1 13 -60
415 V 2 13 -60
415 V 3 6 -60
415 V 4 13 -60
415 V 5 12 -60
415 V 6 12 -60
415 V 7 13 -60
415 V 8 13 -60
415 V 9 3 -60
415 V 10 3 -60
415 V 11 12 -60
415 V 12 12 -60
415 V 13 3 -60
415 V 14 12 -60
415 V 15 13 -60
415 V 16 13 -60
415 V 17 13 -60
415 V 18 13 -60
415 V 19 12 -60
415 V 20 3 -60
415 V 21 13 -60
415 V 22 13 -60
415 V 23 13 -60
415 V 24 13 -60
415 V 25 13 -60
416 Q 14
416 T 30 308 634
416 V 1 13 -60
416 V 2 13 -60
416 V 3 6 -60
416 V 4 13 -60
416 V 5 12 -60
416 V 6 12 -60
416 V 7 13 -60
416 V 8 13 -60
416 V 9 3 -60
416 V 10 3 -60
416 V 11 12 -60
416 V 12 12 -60
416 V 13 3 -60
416 V 14 12 -60
416 V 15 13 -60
416 V 16 13 -60
416 V 17 13 -60
416 V 18 13 -60
416 V 19 12 -60
416 V 20 3 -60
416 V 21 13 -60
416 V 22 13 -60
416 V 23 13 -60
416 V 24 13 -60
416 V 25 13 -60
417 Q 11
417 T 138 450
417 V 1 13 -60
417 V 2 13 -60
417 V 3 6 -60
417 V 4 13 -60
417 V 5 12 -60
417 V 6 12 -60
417 V 7 13 -60
417 V 8 13 -60
417 V 9 3 -60
417 V 10 3 -60
417 V 11 12 -60
417 V 12 12 -60
417 V 13 3 -60
417 V 14 12 -60
417 V 15 13 -60
417 V 16 13 -60
417 V 17 13 -60
417 V 18 13 -60
417 V 19 12 -60
417 V 20 3 -60
417 V 21 13 -60
417 V 22 13 -60
417 V 23 13 -60
417 V 24 13 -60
417 V 25 13 -60
418 Q 9
418 T 360 610 827
418 V 1 13 -60
418 V 2 13 -60
418 V 3 6 -60
418 V 4 13 -60
418 V 5 12 -60
418 V 6 12 -60
418 V 7 13 -60
418 V 8 13 -60
418 V 9 3 -60
418 V 10 3 -60
418 V 11 12 -60
418 V 12 12 -60
418 V 13 3 -60
418 V 14 12 -60
418 V 15 13 -60
418 V 16 13 -60
418 V 17 13 -60
418 V 18 13 -60
418 V 19 12 -60
418 V 20 3 -60
418 V 21 13 -60
418 V 22 13 -60
418 V 23 13 -60
418 V 24 13 -60
418 V 25 13 -60
419 Q 6
419 T 183 346 358 769
419 V 1 13 -60
419 V 2 13 -60
419 V 3 6 -60
419 V 4 13 -60
419 V 5 12 -60
419 V 6 12 -60
419 V 7 13 -60
419 V 8 13 -60
419 V 9 3 -60
419 V 10 3 -60
419 V 11 12 -60
419 V 12 12 -60
419 V 13 3 -60
419 V 14 12 -60
419 V 15 13 -60
419 V 16 13 -60
419 V 17 13 -60
419 V 18 13 -60
419 V 19 12 -60
419 V 20 3 -60
419 V 21 13 -60
419 V 22 13 -60
419 V 23 13 -60
419 V 24 13 -60
419 V 25 13 -60
420 Q 2
420 T 799 980
420 V 1 13 -60
420 V 2 13 -60
420 V 3 6 -60
420 V 4 13 -60
420 V 5 12 -60
420 V 6 12 -60
420 V 7 13 -60
420 V 8 13 -60
420 V 9 3 -60
420 V 10 3 -60
420 V 11 12 -60
420 V 12 12 -60
420 V 13 3 -60
420 V 14 12 -60
420 V 15 13 -60
420 V 16 13 -60
420 V 17 13 -60
420 V 18 13 -60
420 V 19 12 -60
420 V 20 3 -60
420 V 21 13 -60
420 V 22 13 -60
420 V 23 13 -60
420 V 24 13 -60
420 V 25 13 -60
420 A 1 2 3 4 5 6 7 8 9 10 11 12 13 14 15 16 17 18 19 20 21 22 23 24 25
