114.002432  22.607767 
114.001737  22.607545 
114.003109  22.600477 
114.001702  22.607656 
114.002325  22.607825 
114.002432  22.607767 
114.001737  22.607545 
114.003109  22.600477 
114.001702  22.607656 
114.002325  22.607825 
114.002432  22.607767 
114.001737  22.607545 
114.003109  22.600477 
114.001702  22.607656 
114.002325  22.607825 
114.002432  22.607767 
114.001737  22.607545 
114.003109  22.600477 
114.001702  22.607656 
114.002325  22.607825 
114.002432  22.607767 
114.001737  22.607545 
114.003109  22.600477 
114.001702  22.607656 
114.002325  22.607825 
114.002432  22.607767 
114.001737  22.607545 
114.003109  22.600477 
114.001702  22.607656 
114.002325  22.607825 
114.002432  22.607767 
114.001737  22.607545 
114.003109  22.600477 
114.001702  22.607656 
114.002325  22.607825 
114.002432  22.607767 
114.001737  22.607545 
114.003109  22.600477 
114.001702  22.607656 
114.002325  22.607825 
114.002432  22.607767 
114.001737  22.607545 
114.003109  22.600477 
114.001702  22.607656 
114.002325  22.607825 
114.002432  22.607767 
114.001737  22.607545 
114.003109  22.600477 
114.001702  22.607656 
114.002325  22.607825 
114.002432  22.607767 
114.001737  22.607545 
114.003109  22.600477 
114.001702  22.607656 
114.002325  22.607825 
114.002432  22.607767 
114.001737  22.607545 
114.003109  22.600477 
114.001702  22.607656 
114.002325  22.607825 
114.002432  22.607767 
114.001737  22.607545 
114.003109  22.600477 
114.001702  22.607656 
114.002325  22.607825 
114.002432  22.607767 
114.001737  22.607545 
114.003109  22.600477 
114.001702  22.607656 
114.002325  22.607825 
114.002432  22.607767 
114.001737  22.607545 
114.003109  22.600477 
114.001702  22.607656 
114.002325  22.607825 
114.002432  22.607767 
114.001737  22.607545 
114.003109  22.600477 
114.001702  22.607656 
114.002325  22.607825 
114.002432  22.607767 
114.001737  22.607545 
114.003109  22.600477 
114.001702  22.607656 
114.002325  22.607825 
114.002432  22.607767 
114.001737  22.607545 
114.003109  22.600477 
114.001702  22.607656 
114.002325  22.607825 
114.002432  22.607767 
114.001737  22.607545 
114.003109  22.600477 
114.001702  22.607656 
114.002325  22.607825 
114.002432  22.607767 
114.001737  22.607545 
114.003109  22.600477 
114.001702  22.607656 
114.002325  22.607825 
114.002432  22.607767 
114.001737  22.607545 
114.003109  22.600477 
114.001702  22.607656 
114.002325  22.607825 
114.002432  22.607767 
114.001737  22.607545 
114.003109  22.600477 
114.001702  22.607656 
114.002325  22.607825 
114.002432  22.607767 
114.001737  22.607545 
114.003109  22.600477 
114.001702  22.607656 
114.002325  22.607825 
114.002432  22.607767 
114.001737  22.607545 
114.003109  22.600477 
114.001702  22.607656 
114.002325  22.607825 
114.002432  22.607767 
114.001737  22.607545 
114.003109  22.600477 
114.001702  22.607656 
114.002325  22.607825 
114.002432  22.607767 
114.001737  22.607545 
114.003109  22.600477 
114.001702  22.607656 
114.002325  22.607825 
114.002432  22.607767 
114.001737  22.607545 
114.003109  22.600477 
114.001702  22.607656 
114.002325  22.607825 
114.002432  22.607767 
114.001737  22.607545 
114.003109  22.600477 
114.001702  22.607656 
114.002325  22.607825 
114.002432  22.607767 
114.001737  22.607545 
114.003109  22.600477 
114.001702  22.607656 
114.002325  22.607825 
114.002504  22.60778  
114.002432  22.607767 
114.001737  22.607545 
114.003109  22.600477 
114.001702  22.607656 
114.002325  22.607825 
114.002504  22.60778  
114.002432  22.607767 
114.001737  22.607545 
114.003109  22.600477 
114.001702  22.607656 
114.002325  22.607825 
114.002681  22.607537 
114.002432  22.607767 
114.001737  22.607545 
114.003109  22.600477 
114.001702  22.607656 
114.002325  22.607825 
114.002878  22.607126 
114.002432  22.607767 
114.001737  22.607545 
114.003109  22.600477 
114.001702  22.607656 
114.002325  22.607825 
114.002878  22.607126 
114.002432  22.607767 
114.001737  22.607545 
114.003109  22.600477 
114.001702  22.607656 
114.002325  22.607825 
114.003171  22.606656 
114.002432  22.607767 
114.001737  22.607545 
114.003109  22.600477 
114.001702  22.607656 
114.002325  22.607825 
114.003171  22.606656 
114.002432  22.607767 
114.001737  22.607545 
114.003109  22.600477 
114.001702  22.607656 
114.002325  22.607825 
114.003386  22.606108 
114.002432  22.607767 
114.001737  22.607545 
114.003109  22.600477 
114.001702  22.607656 
114.002325  22.607825 
114.003386  22.606108 
114.002432  22.607767 
114.001737  22.607545 
114.003109  22.599915 
114.001702  22.607656 
114.002325  22.607825 
114.003688  22.605518 
114.002432  22.607767 
114.001737  22.607545 
114.003189  22.599244 
114.001702  22.607656 
114.002325  22.607825 
114.003858  22.605273 
114.002432  22.607767 
114.001737  22.607545 
114.003189  22.599244 
114.001702  22.607656 
114.002325  22.607825 
114.003858  22.605273 
114.002432  22.607767 
114.001737  22.607545 
114.003411  22.598778 
114.001702  22.607656 
114.002325  22.607825 
114.003787  22.604749 
114.002432  22.607767 
114.001737  22.607545 
114.003411  22.598778 
114.001702  22.607656 
114.002325  22.607825 
114.003787  22.604749 
114.002432  22.607767 
114.001737  22.607545 
114.003839  22.598417 
114.001702  22.607656 
114.002325  22.607825 
114.003661  22.604172 
114.002432  22.607767 
114.001737  22.607545 
114.003875  22.598168 
114.001702  22.607656 
114.002325  22.607825 
114.003661  22.604172 
114.002432  22.607767 
114.001737  22.607545 
114.003875  22.598168 
114.001702  22.607656 
114.002325  22.607825 
114.003599  22.603677 
114.002432  22.607767 
114.001737  22.607545 
114.004062  22.597682 
114.001702  22.607656 
114.002325  22.607825 
114.003599  22.603677 
114.002432  22.607767 
114.001737  22.607545 
114.004249  22.597482 
114.001702  22.607656 
114.002325  22.607825 
114.003403  22.603302 
114.002432  22.607767 
114.001737  22.607545 
114.004249  22.597482 
114.001702  22.607656 
114.002325  22.607825 
114.003251  22.603162 
114.002432  22.607767 
114.001737  22.607545 
114.004668  22.597172 
114.001702  22.607656 
114.002325  22.607825 
114.002921  22.602988 
114.002432  22.607767 
114.001737  22.607545 
114.005042  22.596881 
114.001702  22.607656 
114.002325  22.607825 
114.002921  22.602988 
114.002432  22.607767 
114.001737  22.607545 
114.005042  22.596881 
114.001702  22.607656 
114.002325  22.607825 
114.002681  22.602945 
114.002432  22.607767 
114.001737  22.607545 
114.005239  22.596643 
114.001702  22.607656 
114.002325  22.607825 
114.002325  22.603002 
114.002432  22.607767 
114.001737  22.607545 
114.005239  22.596643 
114.001702  22.607656 
114.002325  22.607825 
114.002325  22.603002 
114.002432  22.607767 
114.001737  22.607545 
114.005239  22.596643 
114.001702  22.607656 
114.002325  22.607825 
114.001799  22.603187 
114.002432  22.607767 
114.001737  22.607545 
114.005239  22.596643 
114.001702  22.607656 
114.002325  22.607825 
114.001799  22.603187 
114.002432  22.607767 
114.001737  22.607545 
114.005239  22.596643 
114.001702  22.607656 
114.002325  22.607825 
114.001443  22.603331 
114.002432  22.607767 
114.001737  22.607545 
114.005239  22.596643 
114.001702  22.607656 
114.002325  22.607825 
114.001443  22.603331 
114.002432  22.607767 
114.001737  22.607545 
114.00539   22.596117 
114.001702  22.607656 
114.002325  22.607825 
114.001086  22.603433 
114.002432  22.607767 
114.001737  22.607545 
114.00539   22.596117 
114.001702  22.607656 
114.002325  22.607825 
114.001086  22.603433 
114.002432  22.607767 
114.001737  22.607545 
114.004392  22.595396 
114.001702  22.607656 
114.002325  22.607825 
114.000659  22.603546 
114.002432  22.607767 
114.001737  22.607545 
114.004392  22.595396 
114.001702  22.607656 
114.002325  22.607825 
114.000659  22.603546 
114.002432  22.607767 
114.001737  22.607545 
114.003055  22.594405 
114.001702  22.607656 
114.002325  22.607825 
114.000659  22.603546 
114.002432  22.607767 
114.001737  22.607545 
114.003055  22.594405 
114.001702  22.607656 
114.002325  22.607825 
114.000204  22.603473 
114.002432  22.607767 
114.001737  22.607545 
114.002075  22.59372  
114.001702  22.607656 
114.002325  22.607825 
114.000204  22.603473 
114.002432  22.607767 
114.001737  22.607545 
114.002075  22.59372  
114.001702  22.607656 
114.002325  22.607825 
113.999713  22.603303 
114.002432  22.607767 
114.001737  22.607545 
114.002075  22.59372  
114.001702  22.607656 
114.002325  22.607825 
113.99917   22.602999 
114.002432  22.607767 
114.001737  22.607545 
114.001255  22.593347 
114.001702  22.607656 
114.002325  22.607825 
113.99917   22.602999 
114.002432  22.607767 
114.001737  22.607545 
114.000328  22.592737 
114.001702  22.607656 
114.002325  22.607825 
113.998654  22.602693 
114.002432  22.607767 
114.001737  22.607545 
113.999776  22.592362 
114.001702  22.607656 
114.002325  22.607825 
113.998654  22.602693 
114.002432  22.607767 
114.001737  22.607545 
113.999873  22.592039 
114.001702  22.607656 
114.002325  22.607825 
113.998404  22.602587 
114.002432  22.607767 
114.001737  22.607545 
113.999873  22.592039 
114.001702  22.607656 
114.002325  22.607825 
113.998404  22.602587 
114.002432  22.607767 
114.001737  22.607545 
113.999856  22.59129  
114.001702  22.607656 
114.002325  22.607825 
113.997967  22.602482 
114.002432  22.607767 
114.001737  22.607545 
113.999856  22.59129  
114.001702  22.607656 
114.002325  22.607825 
113.997967  22.602482 
114.002432  22.607767 
114.001737  22.607545 
114.000033  22.590658 
114.001702  22.607656 
114.002325  22.607825 
113.997299  22.602349 
114.002432  22.607767 
114.001737  22.607545 
114.000033  22.590658 
114.001702  22.607656 
114.002325  22.607825 
113.997299  22.602349 
114.002432  22.607767 
114.001737  22.607545 
113.999873  22.590179 
114.001702  22.607656 
114.002325  22.607825 
113.99663   22.602234 
114.002432  22.607767 
114.001737  22.607545 
113.999517  22.590098 
114.001702  22.607656 
114.002325  22.607825 
113.99663   22.602234 
114.002432  22.607767 
114.001737  22.607545 
113.999517  22.590098 
114.001702  22.607656 
114.002325  22.607825 
113.99663   22.602234 
114.002432  22.607767 
114.001737  22.607545 
113.998599  22.58978  
114.001702  22.607656 
114.002325  22.607825 
113.99663   22.602234 
114.002432  22.607767 
114.001737  22.607545 
113.998599  22.58978  
114.001702  22.607656 
114.002325  22.607825 
113.996042  22.602207 
114.002432  22.607767 
114.001737  22.607545 
113.997636  22.589619 
114.001702  22.607656 
114.002325  22.607825 
113.995526  22.602177 
114.002432  22.607767 
114.001737  22.607545 
113.997636  22.589619 
114.001702  22.607656 
114.002325  22.607825 
113.995526  22.602177 
114.002432  22.607767 
114.001737  22.607545 
113.996531  22.589267 
114.001702  22.607656 
114.002325  22.607825 
113.995526  22.602177 
114.002432  22.607767 
114.001737  22.607545 
113.996531  22.589267 
114.001702  22.607656 
114.002325  22.607825 
113.994733  22.602112 
114.002432  22.607767 
114.001737  22.607545 
113.995204  22.588945 
114.001702  22.607656 
114.002325  22.607825 
113.99467   22.602016 
114.002432  22.607767 
114.001737  22.607545 
113.995204  22.588945 
114.001702  22.607656 
114.002325  22.607825 
113.99467   22.602016 
114.002432  22.607767 
114.001737  22.607545 
113.994233  22.588413 
114.001702  22.607656 
114.002325  22.607825 
113.99467   22.602016 
114.002432  22.607767 
114.001737  22.607545 
113.994233  22.588413 
114.001702  22.607656 
114.002325  22.607825 
113.994768  22.601352 
114.002432  22.607767 
114.001737  22.607545 
113.994233  22.588413 
114.001702  22.607656 
114.002325  22.607825 
113.994928  22.600497 
114.002432  22.607767 
114.001737  22.607545 
113.994233  22.588413 
114.001702  22.607656 
114.002325  22.607825 
113.994928  22.600497 
114.002432  22.607767 
114.001737  22.607545 
113.994233  22.588413 
114.001702  22.607656 
114.002325  22.607825 
113.995061  22.599802 
114.002432  22.607767 
114.001737  22.607545 
113.994233  22.588413 
114.001702  22.607656 
114.002325  22.607825 
113.99524   22.599469 
114.002432  22.607767 
114.001737  22.607545 
113.994233  22.588413 
114.001702  22.607656 
114.002325  22.607825 
113.99524   22.599469 
114.002432  22.607767 
114.001737  22.607545 
113.992503  22.588404 
114.001702  22.607656 
114.002325  22.607825 
113.995899  22.598868 
114.002432  22.607767 
114.001737  22.607545 
113.992503  22.588404 
114.001702  22.607656 
114.002325  22.607825 
113.995899  22.598868 
114.002432  22.607767 
114.001737  22.607545 
113.992503  22.588404 
114.001702  22.607656 
114.002325  22.607825 
113.99655   22.598195 
114.002432  22.607767 
114.001737  22.607545 
113.992503  22.588404 
114.001702  22.607656 
114.002325  22.607825 
113.996594  22.597361 
114.002432  22.607767 
114.001737  22.607545 
113.992503  22.588404 
114.001702  22.607656 
114.002325  22.607825 
113.996594  22.597361 
114.002432  22.607767 
114.001737  22.607545 
113.992503  22.588404 
114.001702  22.607656 
114.002325  22.607825 
113.996336  22.596945 
114.002432  22.607767 
114.001737  22.607545 
113.991942  22.588109 
114.001702  22.607656 
114.002325  22.607825 
113.996336  22.596945 
114.002432  22.607767 
114.001737  22.607545 
113.991942  22.588109 
114.001702  22.607656 
114.002325  22.607825 
113.995695  22.596565 
114.002432  22.607767 
114.001737  22.607545 
113.991942  22.588109 
114.001702  22.607656 
114.002325  22.607825 
113.995088  22.595723 
114.002432  22.607767 
114.001737  22.607545 
113.991942  22.588109 
114.001702  22.607656 
114.002325  22.607825 
113.995088  22.595723 
114.002432  22.607767 
114.001737  22.607545 
113.991942  22.588109 
114.001702  22.607656 
114.002325  22.607825 
113.995035  22.594865 
114.002432  22.607767 
114.001737  22.607545 
113.991942  22.588109 
114.001702  22.607656 
114.002325  22.607825 
113.995035  22.594865 
114.002432  22.607767 
114.001737  22.607545 
113.991942  22.588109 
114.001702  22.607656 
114.002325  22.607825 
113.995088  22.594492 
114.002432  22.607767 
114.001737  22.607545 
113.991942  22.588109 
114.001702  22.607656 
114.002325  22.607825 
113.995088  22.594492 
114.002432  22.607767 
114.001737  22.607545 
113.991942  22.588109 
114.001702  22.607656 
114.002325  22.607825 
113.995088  22.594492 
114.002432  22.607767 
114.001737  22.607545 
113.991942  22.588109 
114.001702  22.607656 
114.002325  22.607825 
113.995294  22.594564 
114.002432  22.607767 
114.001737  22.607545 
113.991942  22.588109 
114.001702  22.607656 
114.002325  22.607825 
113.995294  22.594564 
114.002432  22.607767 
114.001737  22.607545 
113.991942  22.588109 
114.001702  22.607656 
114.002325  22.607825 
113.995356  22.59494  
114.002432  22.607767 
114.001737  22.607545 
113.991942  22.588109 
114.001702  22.607656 
114.002325  22.607825 
113.995356  22.59494  
114.002432  22.607767 
114.001737  22.607545 
113.991942  22.588109 
114.001702  22.607656 
114.002325  22.607825 
113.995418  22.595497 
114.002432  22.607767 
114.001737  22.607545 
113.991942  22.588109 
114.001702  22.607656 
114.002325  22.607825 
113.995418  22.595497 
114.002432  22.607767 
114.001737  22.607545 
113.991942  22.588109 
114.001702  22.607656 
114.002325  22.607825 
113.99548   22.596003 
114.002432  22.607767 
114.001737  22.607545 
113.991942  22.588109 
114.001702  22.607656 
114.002325  22.607825 
113.99565   22.596187 
114.002432  22.607767 
114.001737  22.607545 
113.991942  22.588109 
114.001702  22.607656 
114.002325  22.607825 
113.99565   22.596187 
114.002432  22.607767 
114.001737  22.607545 
113.991942  22.588109 
114.001702  22.607656 
114.002325  22.607825 
113.996184  22.59648  
114.002432  22.607767 
114.001737  22.607545 
113.991942  22.588109 
114.001702  22.607656 
114.002325  22.607825 
113.996559  22.59669  
114.002432  22.607767 
114.001737  22.607545 
113.991942  22.588109 
114.001702  22.607656 
114.002325  22.607825 
113.996559  22.59669  
114.002432  22.607767 
114.001737  22.607545 
113.991942  22.588109 
114.001702  22.607656 
114.002325  22.607825 
113.996559  22.59669  
114.002432  22.607767 
114.001737  22.607545 
113.991942  22.588109 
114.001702  22.607656 
114.002325  22.607825 
113.996559  22.59669  
114.002432  22.607767 
114.001737  22.607545 
113.991942  22.588109 
114.001702  22.607656 
114.002325  22.607825 
113.996559  22.59669  
114.002432  22.607767 
114.001737  22.607545 
113.991942  22.588109 
114.001702  22.607656 
114.002325  22.607825 
113.996559  22.59669  
114.002432  22.607767 
114.001737  22.607545 
113.991942  22.588109 
114.001702  22.607656 
114.002957  22.60035  
114.002325  22.607825 
113.996559  22.59669  
114.002432  22.607767 
114.001737  22.607545 
113.991942  22.588109 
114.001702  22.607656 
114.002957  22.60035  
114.002325  22.607825 
113.996559  22.59669  
114.002432  22.607767 
114.001737  22.607545 
113.991942  22.588109 
114.001702  22.607656 
114.002957  22.60035  
114.002325  22.607825 
113.996514  22.596639 
114.002432  22.607767 
114.001737  22.607545 
113.991942  22.588109 
114.001702  22.607656 
114.002646  22.600927 
114.002325  22.607825 
113.996514  22.596639 
114.002432  22.607767 
114.001737  22.607545 
113.991942  22.588109 
114.001702  22.607656 
114.002646  22.600927 
114.002325  22.607825 
113.996514  22.596639 
114.002432  22.607767 
114.001737  22.607545 
113.991942  22.588109 
114.001702  22.607656 
114.002592  22.601205 
114.002325  22.607825 
113.996514  22.596639 
114.002432  22.607767 
114.001737  22.607545 
113.991942  22.588109 
114.001702  22.607656 
114.002592  22.601205 
114.002325  22.607825 
113.996514  22.596639 
114.002432  22.607767 
114.001737  22.607545 
113.991942  22.588109 
114.001702  22.607656 
114.002637  22.601734 
114.002325  22.607825 
113.996514  22.596639 
114.002432  22.607767 
114.001737  22.607545 
113.991942  22.588109 
114.001702  22.607656 
114.002637  22.601734 
114.002325  22.607825 
113.996514  22.596639 
114.002432  22.607767 
114.001737  22.607545 
113.991942  22.588109 
114.001702  22.607656 
114.002681  22.602018 
114.002325  22.607825 
113.996514  22.596639 
114.002432  22.607767 
114.001737  22.607545 
113.991942  22.588109 
114.001702  22.607656 
114.002761  22.602198 
114.002325  22.607825 
113.996514  22.596639 
114.002432  22.607767 
114.001737  22.607545 
113.991942  22.588109 
114.001702  22.607656 
114.002761  22.602198 
114.002325  22.607825 
113.996514  22.596639 
114.002432  22.607767 
114.001737  22.607545 
113.991942  22.588109 
114.001702  22.607656 
114.002761  22.602198 
114.002325  22.607825 
113.996514  22.596639 
114.002432  22.607767 
114.001737  22.607545 
113.991942  22.588109 
114.001702  22.607656 
114.002761  22.602198 
114.002325  22.607825 
113.996514  22.596639 
114.002432  22.607767 
114.001737  22.607545 
113.991942  22.588109 
114.001702  22.607656 
114.003154  22.602671 
114.002325  22.607825 
113.996514  22.596639 
114.002432  22.607767 
114.001737  22.607545 
113.991942  22.588109 
114.001702  22.607656 
114.003154  22.602671 
114.002325  22.607825 
113.996514  22.596639 
114.002432  22.607767 
114.001737  22.607545 
113.991942  22.588109 
114.001702  22.607656 
114.003154  22.602671 
114.002325  22.607825 
113.996514  22.596639 
114.002432  22.607767 
114.001737  22.607545 
113.991942  22.588109 
114.001702  22.607656 
114.003457  22.603092 
114.002325  22.607825 
113.996514  22.596639 
114.002432  22.607767 
114.001737  22.607545 
113.991942  22.588109 
114.001702  22.607656 
114.003457  22.603092 
114.002325  22.607825 
113.996514  22.596639 
114.002432  22.607767 
114.001737  22.607545 
113.991942  22.588109 
114.001702  22.607656 
114.003617  22.603486 
114.002325  22.607825 
113.996514  22.596639 
114.002432  22.607767 
114.001737  22.607545 
113.991942  22.588109 
114.001702  22.607656 
114.003617  22.603486 
114.002325  22.607825 
113.996514  22.596639 
114.002432  22.607767 
114.001737  22.607545 
113.991942  22.588109 
114.001702  22.607656 
114.00376   22.603971 
114.002325  22.607825 
113.996514  22.596639 
114.002432  22.607767 
114.001737  22.607545 
113.991942  22.588109 
114.001702  22.607656 
114.00376   22.603971 
114.002325  22.607825 
113.996514  22.596639 
114.002432  22.607767 
114.001737  22.607545 
113.991942  22.588109 
114.001702  22.607656 
114.003893  22.604549 
114.002325  22.607825 
113.996514  22.596639 
114.002432  22.607767 
114.001737  22.607545 
113.991942  22.588109 
114.001702  22.607656 
114.003893  22.604549 
114.002325  22.607825 
113.996514  22.596639 
114.002432  22.607767 
114.001737  22.607545 
113.991942  22.588109 
114.001702  22.607656 
114.003973  22.605258 
114.002325  22.607825 
113.996514  22.596639 
114.002432  22.607767 
114.001737  22.607545 
113.991942  22.588109 
114.001702  22.607656 
114.003973  22.605258 
114.002325  22.607825 
113.996514  22.596639 
114.002432  22.607767 
114.001737  22.607545 
113.991942  22.588109 
114.001702  22.607656 
114.003973  22.605258 
114.002325  22.607825 
113.996514  22.596639 
114.002432  22.607767 
114.001737  22.607545 
113.991942  22.588109 
114.001702  22.607656 
114.003572  22.60587  
114.002325  22.607825 
113.996514  22.596639 
114.002432  22.607767 
114.001737  22.607545 
113.992727  22.587184 
114.001702  22.607656 
114.003572  22.60587  
114.002325  22.607825 
113.996514  22.596639 
114.002432  22.607767 
114.001737  22.607545 
113.992727  22.587184 
114.001702  22.607656 
114.003315  22.606575 
114.002325  22.607825 
113.996514  22.596639 
114.002432  22.607767 
114.001737  22.607545 
113.992727  22.587184 
114.001702  22.607656 
114.003011  22.607118 
114.002325  22.607825 
113.996514  22.596639 
114.002432  22.607767 
114.001737  22.607545 
113.992727  22.587184 
114.001702  22.607656 
114.003011  22.607118 
114.002325  22.607825 
113.996514  22.596639 
114.002432  22.607767 
114.001737  22.607545 
113.992727  22.587184 
114.001702  22.607656 
114.002664  22.607628 
114.002325  22.607825 
113.996514  22.596639 
114.002432  22.607767 
114.001737  22.607545 
113.992727  22.587184 
114.001702  22.607656 
114.002664  22.607628 
114.002325  22.607825 
113.996514  22.596639 
114.002432  22.607767 
114.001737  22.607545 
113.992727  22.587184 
114.001702  22.607656 
114.002664  22.607628 
114.002325  22.607825 
113.996514  22.596639 
114.002432  22.607767 
114.001737  22.607545 
113.992727  22.587184 
114.001702  22.607656 
114.002664  22.607628 
114.002325  22.607825 
113.996514  22.596639 
114.002432  22.607767 
114.001737  22.607545 
113.992727  22.587184 
114.001702  22.607656 
114.002263  22.607576 
114.002325  22.607825 
113.996514  22.596639 
114.002432  22.607767 
114.001737  22.607545 
113.992727  22.587184 
114.001702  22.607656 
114.002263  22.607576 
114.002325  22.607825 
113.996514  22.596639 
114.002432  22.607767 
114.001737  22.607545 
113.992727  22.587184 
114.001702  22.607656 
114.002112  22.607573 
114.002325  22.607825 
113.996514  22.596639 
114.002432  22.607767 
114.001737  22.607545 
113.992727  22.587184 
114.001702  22.607656 
114.002112  22.607573 
114.002325  22.607825 
113.996514  22.596639 
114.002432  22.607767 
114.001737  22.607545 
113.992727  22.587184 
114.001702  22.607656 
114.002112  22.607573 
114.002325  22.607825 
113.996514  22.596639 
114.002432  22.607767 
114.001737  22.607545 
113.992727  22.587184 
114.001702  22.607656 
114.002112  22.607573 
114.002325  22.607825 
113.996514  22.596639 
114.002432  22.607767 
114.001737  22.607545 
113.992727  22.587184 
114.001702  22.607656 
114.001773  22.60755  
114.002325  22.607825 
113.996514  22.596639 
114.002432  22.607767 
114.001737  22.607545 
113.992727  22.587184 
114.001702  22.607656 
114.001773  22.60755  
114.002325  22.607825 
113.996514  22.596639 
114.002432  22.607767 
114.001737  22.607545 
113.992727  22.587184 
114.001702  22.607656 
114.001675  22.607747 
114.002325  22.607825 
114.002432  22.607767 
114.001737  22.607545 
113.992727  22.587184 
114.001702  22.607656 
114.001675  22.607747 
114.002325  22.607825 
114.002432  22.607767 
114.001737  22.607545 
113.992727  22.587184 
114.001702  22.607656 
114.001675  22.607747 
114.002325  22.607825 
114.002432  22.607767 
114.001737  22.607545 
113.992727  22.587184 
114.001702  22.607656 
114.001675  22.607747 
114.002325  22.607825 
114.002432  22.607767 
114.001737  22.607545 
113.992727  22.587184 
114.001702  22.607656 
114.001675  22.607747 
114.002325  22.607825 
114.002432  22.607767 
114.001737  22.607545 
113.992727  22.587184 
114.001702  22.607656 
114.001675  22.607747 
114.002325  22.607825 
114.002432  22.607767 
114.001737  22.607545 
113.992727  22.587184 
114.001702  22.607656 
114.001675  22.607747 
114.002325  22.607825 
114.002432  22.607767 
114.001737  22.607545 
113.992727  22.587184 
114.001702  22.607656 
114.001675  22.607747 
114.002325  22.607825 
114.002432  22.607767 
114.001737  22.607545 
113.992727  22.587184 
114.001702  22.607656 
114.001675  22.607747 
114.002325  22.607825 
114.002432  22.607767 
114.001737  22.607545 
113.992727  22.587184 
114.001702  22.607656 
114.001675  22.607747 
114.002325  22.607825 
114.002432  22.607767 
114.001737  22.607545 
113.992727  22.587184 
114.001702  22.607656 
114.001675  22.607747 
114.002325  22.607825 
114.002432  22.607767 
114.001737  22.607545 
113.992727  22.587184 
114.001702  22.607656 
114.001675  22.607747 
114.002325  22.607825 
114.002432  22.607767 
114.001737  22.607545 
113.992727  22.587184 
114.001702  22.607656 
114.001675  22.607747 
114.002325  22.607825 
114.002432  22.607767 
114.001737  22.607545 
113.992727  22.587184 
114.001702  22.607656 
114.001675  22.607747 
114.002325  22.607825 
114.002432  22.607767 
114.001737  22.607545 
113.992727  22.587184 
114.001702  22.607656 
114.001675  22.607747 
114.002325  22.607825 
114.002432  22.607767 
114.001737  22.607545 
113.992727  22.587184 
114.001702  22.607656 
114.001675  22.607747 
114.002325  22.607825 
114.002432  22.607767 
114.001737  22.607545 
113.992727  22.587184 
114.001702  22.607656 
114.001675  22.607747 
114.002325  22.607825 
114.002432  22.607767 
114.001737  22.607545 
113.992727  22.587184 
114.001702  22.607656 
114.001675  22.607747 
114.002325  22.607825 
114.002432  22.607767 
114.001737  22.607545 
113.99196   22.587133 
114.001702  22.607656 
114.001675  22.607747 
114.002325  22.607825 
114.002432  22.607767 
114.001737  22.607545 
113.99196   22.587133 
114.001702  22.607656 
114.001675  22.607747 
114.002325  22.607825 
114.002432  22.607767 
114.001737  22.607545 
113.991247  22.586922 
114.001702  22.607656 
114.001675  22.607747 
114.002325  22.607825 
114.002432  22.607767 
114.001737  22.607545 
113.990802  22.586945 
114.001702  22.607656 
114.001675  22.607747 
114.002325  22.607825 
114.002432  22.607767 
114.001737  22.607545 
113.990802  22.586945 
114.001702  22.607656 
114.001675  22.607747 
114.002325  22.607825 
114.002432  22.607767 
114.001737  22.607545 
113.990178  22.586844 
114.001702  22.607656 
114.001675  22.607747 
114.002325  22.607825 
114.002432  22.607767 
114.001737  22.607545 
113.990178  22.586844 
114.001702  22.607656 
114.001675  22.607747 
114.002325  22.607825 
114.002432  22.607767 
114.001737  22.607545 
113.98926   22.586427 
114.001702  22.607656 
114.001675  22.607747 
114.002325  22.607825 
114.002432  22.607767 
114.001737  22.607545 
113.98926   22.586427 
114.001702  22.607656 
114.001675  22.607747 
114.002325  22.607825 
114.002432  22.607767 
114.001737  22.607545 
113.988859  22.586089 
114.001702  22.607656 
114.001675  22.607747 
114.002325  22.607825 
114.002432  22.607767 
114.001737  22.607545 
113.988859  22.586089 
114.001702  22.607656 
114.001675  22.607747 
114.002325  22.607825 
114.002432  22.607767 
114.001737  22.607545 
113.988859  22.586089 
114.001702  22.607656 
114.001675  22.607747 
114.002325  22.607825 
114.002432  22.607767 
114.001737  22.607545 
113.988877  22.585862 
114.001702  22.607656 
114.001675  22.607747 
114.002325  22.607825 
114.002432  22.607767 
114.001737  22.607545 
113.988877  22.585862 
114.001702  22.607656 
114.001675  22.607747 
114.002325  22.607825 
114.002432  22.607767 
114.001737  22.607545 
113.988877  22.585862 
114.001702  22.607656 
114.001675  22.607747 
114.002325  22.607825 
114.002432  22.607767 
114.001737  22.607545 
113.988877  22.585862 
114.001702  22.607656 
114.001675  22.607747 
114.002325  22.607825 
114.003154  22.600599 
114.002432  22.607767 
114.001737  22.607545 
113.988877  22.585862 
114.001702  22.607656 
114.001675  22.607747 
114.002325  22.607825 
114.003154  22.600599 
114.002432  22.607767 
114.001737  22.607545 
113.988877  22.585862 
114.001702  22.607656 
114.001675  22.607747 
114.002325  22.607825 
114.003154  22.600599 
114.002432  22.607767 
114.001737  22.607545 
113.988877  22.585862 
114.001702  22.607656 
114.001675  22.607747 
114.002325  22.607825 
114.003154  22.600599 
114.002432  22.607767 
114.001737  22.607545 
113.988601  22.58571  
114.001702  22.607656 
114.001675  22.607747 
114.002325  22.607825 
114.003154  22.600599 
114.002432  22.607767 
114.001737  22.607545 
113.988601  22.58571  
114.001702  22.607656 
114.001675  22.607747 
114.002325  22.607825 
114.003154  22.600599 
114.002432  22.607767 
114.001737  22.607545 
113.988351  22.585595 
114.001702  22.607656 
114.001675  22.607747 
114.002325  22.607825 
114.003154  22.600599 
114.002432  22.607767 
114.001737  22.607545 
113.988387  22.585698 
114.001702  22.607656 
114.001675  22.607747 
114.002325  22.607825 
114.003154  22.600599 
114.002432  22.607767 
114.001737  22.607545 
113.988387  22.585698 
114.001702  22.607656 
114.001675  22.607747 
114.002325  22.607825 
114.003154  22.600599 
114.002432  22.607767 
114.001737  22.607545 
113.987932  22.585594 
114.001702  22.607656 
114.001675  22.607747 
114.002325  22.607825 
114.003154  22.600599 
114.002432  22.607767 
114.001737  22.607545 
113.987932  22.585594 
114.001702  22.607656 
114.002325  22.607825 
114.003154  22.600599 
114.002432  22.607767 
114.001737  22.607545 
113.987932  22.585594 
114.001702  22.607656 
114.002325  22.607825 
114.003154  22.600599 
114.002432  22.607767 
114.001737  22.607545 
113.987932  22.585594 
114.001702  22.607656 
114.002325  22.607825 
114.003154  22.600599 
114.002432  22.607767 
114.001737  22.607545 
113.987932  22.585594 
114.001702  22.607656 
114.002325  22.607825 
114.003154  22.600599 
114.002432  22.607767 
114.001737  22.607545 
113.987327  22.58543  
114.001702  22.607656 
114.002325  22.607825 
114.003154  22.600599 
114.002432  22.607767 
114.001737  22.607545 
113.987327  22.58543  
114.001702  22.607656 
114.002325  22.607825 
114.003154  22.600599 
114.002432  22.607767 
114.001737  22.607545 
113.987327  22.58543  
114.001702  22.607656 
114.002325  22.607825 
114.003154  22.600599 
114.002432  22.607767 
114.001737  22.607545 
113.987327  22.58543  
114.001702  22.607656 
114.002325  22.607825 
114.003127  22.600397 
114.002432  22.607767 
114.001737  22.607545 
113.987531  22.585529 
114.001702  22.607656 
114.002325  22.607825 
114.003127  22.600397 
114.002432  22.607767 
114.001737  22.607545 
113.987531  22.585529 
114.001702  22.607656 
114.002325  22.607825 
114.002993  22.600355 
114.002432  22.607767 
114.001737  22.607545 
113.987531  22.585529 
114.001702  22.607656 
114.002325  22.607825 
114.002993  22.600355 
114.002432  22.607767 
114.001737  22.607545 
113.987531  22.585529 
114.001702  22.607656 
114.002325  22.607825 
114.002841  22.600629 
114.002432  22.607767 
114.001737  22.607545 
113.987531  22.585529 
114.001702  22.607656 
114.002325  22.607825 
114.002841  22.600629 
114.002432  22.607767 
114.001737  22.607545 
113.987531  22.585529 
114.001702  22.607656 
114.002325  22.607825 
114.002726  22.600823 
114.002432  22.607767 
114.001737  22.607545 
113.987531  22.585529 
114.001702  22.607656 
114.002325  22.607825 
114.002726  22.600823 
114.002432  22.607767 
114.001737  22.607545 
113.987531  22.585529 
114.001702  22.607656 
114.002325  22.607825 
114.002637  22.601147 
114.002432  22.607767 
114.001737  22.607545 
113.987531  22.585529 
114.001702  22.607656 
114.002325  22.607825 
114.002618  22.60148  
114.002432  22.607767 
114.001737  22.607545 
113.987531  22.585529 
114.001702  22.607656 
114.002325  22.607825 
114.002618  22.60148  
114.002432  22.607767 
114.001737  22.607545 
113.987531  22.585529 
114.001702  22.607656 
114.002325  22.607825 
114.002699  22.601987 
114.002432  22.607767 
114.001737  22.607545 
113.987246  22.585192 
114.001702  22.607656 
114.002325  22.607825 
114.002753  22.602209 
114.002432  22.607767 
114.001737  22.607545 
113.987246  22.585192 
114.001702  22.607656 
114.002325  22.607825 
114.002877  22.602397 
114.002432  22.607767 
114.001737  22.607545 
113.986729  22.584975 
114.001702  22.607656 
114.002325  22.607825 
114.003074  22.602613 
114.002432  22.607767 
114.001737  22.607545 
113.986729  22.584975 
114.001702  22.607656 
114.002325  22.607825 
114.003074  22.602613 
114.002432  22.607767 
114.001737  22.607545 
113.986071  22.584831 
114.001702  22.607656 
114.002325  22.607825 
114.003331  22.602936 
114.002432  22.607767 
114.001737  22.607545 
113.986071  22.584831 
114.001702  22.607656 
114.002325  22.607825 
114.003331  22.602936 
114.002432  22.607767 
114.001737  22.607545 
113.98517   22.584798 
114.001702  22.607656 
114.002325  22.607825 
114.003448  22.603188 
114.002432  22.607767 
114.001737  22.607545 
113.98517   22.584798 
114.001702  22.607656 
114.002325  22.607825 
114.003679  22.603741 
114.002432  22.607767 
114.001737  22.607545 
113.984048  22.58485  
114.001702  22.607656 
114.002325  22.607825 
114.003679  22.603741 
114.002432  22.607767 
114.001737  22.607545 
113.984048  22.58485  
114.001702  22.607656 
114.002325  22.607825 
114.003804  22.604373 
114.002432  22.607767 
114.001737  22.607545 
113.983326  22.584913 
114.001702  22.607656 
114.002325  22.607825 
114.003804  22.604373 
114.002432  22.607767 
114.001737  22.607545 
113.983317  22.584941 
114.001702  22.607656 
114.002325  22.607825 
114.003804  22.604373 
114.002432  22.607767 
114.001737  22.607545 
113.983317  22.584941 
114.001702  22.607656 
114.002325  22.607825 
114.003902  22.605356 
114.002432  22.607767 
114.001737  22.607545 
113.983317  22.584941 
114.001702  22.607656 
114.002325  22.607825 
114.003902  22.605356 
114.002432  22.607767 
114.001737  22.607545 
113.983317  22.584941 
